1500 1000
0.00385474 0.36409
0.0134692 0.360669
0.00991508 0.355612
0.00491484 0.353539
0.0114451 0.346352
0.0173174 0.351395
0.0211759 0.359331
0.0251385 0.353335
0.0308993 0.358254
0.037453 0.352596
0.0311169 0.348141
0.0232115 0.344879
0.0177598 0.340421
0.0125672 0.336319
0.0068448 0.339446
0.00629121 0.328645
0.00550424 0.257476
0.0310981 0.262586
0.0294645 0.271625
0.111381 0.291296
0.116901 0.238302
0.124629 0.22366
0.104041 0.191988
0.0559033 0.166989
0.0559905 0.159264
0.0495155 0.159234
0.0434228 0.157312
0.0415826 0.165586
0.0482102 0.167829
0.0527927 0.175121
0.047313 0.178408
0.0419278 0.174498
0.0222207 0.187172
0.0156321 0.193268
0.0210228 0.19805
0.0224767 0.213216
0.0163731 0.205547
0.0106859 0.201095
0.00918792 0.191496
0.0149739 0.182795
0.0195678 0.17502
0.0140922 0.151606
0.0203393 0.15138
0.0261928 0.148456
0.0322992 0.149156
0.0295147 0.139383
0.0204767 0.139943
0.010324 0.129244
0.0210387 0.129065
0.0267422 0.132003
0.025439 0.12168
0.031098 0.116913
0.0315259 0.125213
0.0347578 0.131621
0.0410213 0.131592
0.037404 0.140765
0.0469854 0.149716
0.0527119 0.150845
0.059826 0.152704
0.0668941 0.145229
0.0596476 0.142969
0.0530513 0.140326
0.0575933 0.132567
0.0640975 0.135088
0.0707652 0.135051
0.0752196 0.125037
0.0686234 0.126261
0.0625436 0.124483
0.0565909 0.122507
0.0596095 0.113628
0.0654934 0.115771
0.071463 0.117946
0.0765308 0.113248
0.0701995 0.108569
0.0637256 0.105667
0.0700433 0.0991391
0.0767355 0.103416
0.0764798 0.0945675
0.0686518 0.0688139
0.0500681 0.0738674
0.0489506 0.0585489
0.0332791 0.0446642
0.0537519 0.0496192
0.0546835 0.0404134
0.0596518 0.0374181
0.0692104 0.0434258
0.078026 0.0355633
0.0841769 0.0288084
0.0822159 0.0442413
0.0756762 0.0462425
0.0709532 0.0553455
0.0784868 0.0549836
0.13128 0.0809061
0.137158 0.0763102
0.144774 0.0789915
0.141041 0.085577
0.135556 0.0877407
0.131555 0.0941121
0.140978 0.0942851
0.137009 0.102387
0.218147 0.140479
0.246875 0.167932
0.278249 0.174172
0.386219 0.219609
0.39495 0.225837
0.435747 0.174384
0.407447 0.0741179
0.535865 0.199684
0.541827 0.200946
0.534733 0.20978
0.540255 0.209311
0.573475 0.252614
0.573487 0.261103
0.581921 0.255273
0.585756 0.248635
0.590945 0.258789
0.590155 0.281602
0.582314 0.281785
0.573362 0.282432
0.56866 0.287274
0.5736 0.293882
0.568914 0.300358
0.5764 0.301711
0.582485 0.305543
0.590934 0.307722
0.596859 0.298323
0.589813 0.297385
0.579654 0.292886
0.584445 0.290204
0.589039 0.288293
0.596735 0.286102
0.603494 0.290407
0.607209 0.299976
0.613094 0.31376
0.602629 0.31204
0.595556 0.318752
0.586132 0.31623
0.575598 0.313681
0.564903 0.34742
0.507386 0.307059
0.502843 0.300229
0.497622 0.304537
0.49531 0.311586
0.495267 0.321371
0.493559 0.329271
0.50814 0.359283
0.518387 0.37991
0.514145 0.392555
0.509909 0.387294
0.501252 0.394577
0.498432 0.384519
0.496984 0.375426
0.485341 0.374837
0.472371 0.382894
0.476939 0.39434
0.467813 0.427547
0.471347 0.447
0.476825 0.459693
0.479724 0.469649
0.486482 0.475755
0.481392 0.47952
0.476241 0.478559
0.464074 0.468186
0.459264 0.480055
0.431556 0.494087
0.452946 0.50073
0.461957 0.508299
0.460968 0.516947
0.45366 0.517311
0.44647 0.516899
0.441688 0.521409
0.44664 0.527311
0.456909 0.525938
0.451929 0.530997
0.446859 0.537963
0.440049 0.538508
0.433453 0.539173
0.42422 0.53933
0.424156 0.530438
0.418455 0.534256
0.414681 0.541291
0.418932 0.546132
0.416044 0.555099
0.412004 0.550388
0.405721 0.549283
0.398324 0.554529
0.405608 0.557192
0.411524 0.561509
0.405053 0.566111
0.399193 0.562683
0.396167 0.57111
0.398385 0.578568
0.404832 0.57449
0.411098 0.577721
0.411683 0.587206
0.40441 0.584943
0.395887 0.585736
0.389605 0.581254
0.383646 0.589081
0.389932 0.590036
0.399905 0.595269
0.406121 0.594213
0.412103 0.598761
0.417874 0.597824
0.422805 0.595133
0.429041 0.593321
0.43096 0.5846
0.438172 0.575263
0.446078 0.569603
0.452839 0.571619
0.459699 0.568041
0.454409 0.564599
0.449663 0.560024
0.442562 0.557633
0.437206 0.560744
0.431917 0.565824
0.426639 0.570122
0.420908 0.572572
0.422656 0.564721
0.427396 0.559847
0.432663 0.556359
0.438707 0.551033
0.444699 0.548111
0.458519 0.54967
0.464469 0.55331
0.467149 0.542471
0.471163 0.533972
0.477177 0.532244
0.473882 0.524716
0.480617 0.524397
0.487304 0.527416
0.483247 0.53043
0.481671 0.538401
0.48695 0.537061
0.492111 0.534533
0.495263 0.530409
0.499324 0.527626
0.503599 0.527634
0.507815 0.530857
0.511093 0.529173
0.515958 0.530312
0.520838 0.527945
0.526137 0.525652
0.530329 0.524649
0.533802 0.521688
0.538163 0.521945
0.540604 0.516993
0.545783 0.517605
0.552535 0.516027
0.54861 0.512582
0.543347 0.511358
0.538093 0.510525
0.53442 0.514237
0.529454 0.517805
0.523537 0.520097
0.517783 0.521263
0.512909 0.523642
0.507336 0.521896
0.502441 0.520105
0.496161 0.522038
0.489486 0.521029
0.484705 0.519608
0.478742 0.516987
0.477872 0.507171
0.477929 0.498834
0.483185 0.494895
0.476732 0.48934
0.48136 0.487969
0.485967 0.486372
0.490922 0.48253
0.493664 0.489493
0.489079 0.49323
0.494668 0.497369
0.490906 0.503432
0.485821 0.502154
0.482453 0.50823
0.487473 0.511257
0.492563 0.513789
0.500143 0.514871
0.49928 0.507402
0.504244 0.508854
0.507441 0.514249
0.512024 0.517476
0.514768 0.512611
0.520058 0.513641
0.525458 0.513152
0.53037 0.510092
0.53485 0.505725
0.540158 0.504175
0.545278 0.504954
0.550076 0.506362
0.554054 0.509342
0.557826 0.512036
0.566135 0.515533
0.571273 0.507915
0.565586 0.505028
0.56091 0.505535
0.555064 0.502129
0.54958 0.499695
0.543797 0.498103
0.53886 0.497331
0.534674 0.497606
0.530929 0.50139
0.526908 0.504712
0.522612 0.506561
0.517231 0.506167
0.514072 0.501332
0.510842 0.507805
0.507254 0.502076
0.501685 0.500217
0.505664 0.494226
0.510679 0.496209
0.517673 0.495464
0.520805 0.499825
0.526411 0.497025
0.523001 0.491547
0.518665 0.48755
0.513838 0.490589
0.509312 0.487407
0.513076 0.48119
0.518724 0.480372
0.523584 0.482903
0.527866 0.479028
0.522807 0.475191
0.517287 0.473094
0.510449 0.473728
0.501238 0.469702
0.495954 0.471382
0.499679 0.461258
0.501265 0.448036
0.509097 0.452796
0.509945 0.462966
0.521421 0.459767
0.522012 0.46834
0.528604 0.46615
0.527404 0.471403
0.530854 0.471245
0.53521 0.468198
0.537074 0.475374
0.531784 0.475966
0.533207 0.48321
0.527961 0.486997
0.531133 0.492492
0.536467 0.489983
0.542499 0.489981
0.539078 0.482378
0.544603 0.480994
0.550493 0.479131
0.545409 0.473491
0.554231 0.472911
0.557569 0.47828
0.562666 0.481627
0.562798 0.472538
0.567975 0.476946
0.572455 0.474252
0.569189 0.470305
0.573772 0.468872
0.578609 0.466848
0.577215 0.472598
0.576132 0.477961
0.574974 0.483287
0.571924 0.4796
0.56834 0.483273
0.566729 0.48955
0.559857 0.489351
0.554768 0.485539
0.548861 0.487552
0.547446 0.493593
0.553726 0.493584
0.558932 0.49821
0.564896 0.496849
0.570048 0.500636
0.575036 0.502417
0.581478 0.507275
0.585181 0.513019
0.587901 0.519637
0.592076 0.513328
0.589566 0.505574
0.589123 0.498263
0.584195 0.49688
0.57958 0.496777
0.574673 0.495811
0.578601 0.488115
0.58265 0.490758
0.587894 0.490972
0.593621 0.490534
0.598143 0.48479
0.593903 0.480029
0.590976 0.484584
0.584713 0.484915
0.585994 0.478748
0.588671 0.472574
0.593836 0.471435
0.596498 0.476179
0.599833 0.478907
0.603753 0.481223
0.602401 0.475106
0.599073 0.469736
0.601395 0.46366
0.596543 0.462341
0.600465 0.458078
0.601556 0.448889
0.621364 0.425752
0.625064 0.460631
0.611917 0.455161
0.604988 0.464223
0.605441 0.469683
0.610831 0.470294
0.607014 0.475614
0.612822 0.479324
0.609838 0.488388
0.606015 0.494118
0.612945 0.498625
0.607185 0.5042
0.600368 0.498881
0.598673 0.509283
0.60429 0.513453
0.596525 0.520118
0.596224 0.531859
0.589692 0.53524
0.583459 0.535283
0.577868 0.533014
0.570377 0.538602
0.56417 0.539362
0.557351 0.543528
0.550221 0.537304
0.547976 0.544221
0.54062 0.545517
0.535356 0.547195
0.544682 0.553359
0.537725 0.556752
0.530544 0.555063
0.524045 0.549803
0.519553 0.549466
0.515518 0.551921
0.510618 0.553963
0.506402 0.551939
0.501432 0.549542
0.49647 0.546406
0.499399 0.542028
0.503399 0.542012
0.506377 0.546039
0.510777 0.54607
0.515286 0.544008
0.521049 0.543071
0.526237 0.545496
0.529435 0.541993
0.531243 0.538073
0.53489 0.536853
0.538355 0.534196
0.542286 0.533119
0.54723 0.529632
0.551566 0.527552
0.544392 0.523268
0.540833 0.527637
0.535186 0.528895
0.530442 0.53149
0.525674 0.531993
0.525326 0.538223
0.520401 0.535571
0.515809 0.537367
0.511388 0.537241
0.507763 0.539437
0.504737 0.535019
0.500268 0.534968
0.495585 0.538952
0.491473 0.541968
0.487728 0.546391
0.484092 0.549137
0.47992 0.545602
0.47585 0.55174
0.47955 0.554514
0.475624 0.560658
0.480906 0.56237
0.487218 0.561461
0.484347 0.556403
0.489811 0.554633
0.492511 0.548998
0.496272 0.553431
0.499423 0.558006
0.503538 0.556535
0.507135 0.559833
0.507544 0.568055
0.502489 0.565599
0.497357 0.566005
0.493531 0.560958
0.489816 0.566818
0.493397 0.571659
0.48769 0.573388
0.48366 0.569228
0.477923 0.569181
0.475622 0.576221
0.482509 0.577698
0.489586 0.579814
0.494271 0.580591
0.498381 0.574502
0.503834 0.573431
0.511127 0.574292
0.508708 0.580884
0.503301 0.580448
0.499066 0.583291
0.503372 0.589971
0.496596 0.589886
0.491464 0.588729
0.48732 0.586312
0.483213 0.586648
0.478277 0.585126
0.472553 0.59253
0.463574 0.589299
0.464834 0.581887
0.459614 0.576412
0.454862 0.580964
0.447908 0.578398
0.442312 0.582608
0.443532 0.592949
0.450147 0.59551
0.440051 0.599969
0.448799 0.609465
0.461515 0.61336
0.468029 0.616764
0.463403 0.622454
0.453195 0.623511
0.443933 0.62226
0.447904 0.631796
0.45495 0.634358
0.459307 0.628218
0.465922 0.631278
0.472871 0.625281
0.480634 0.62429
0.476005 0.617675
0.483745 0.615243
0.488811 0.622487
0.494909 0.625463
0.50195 0.624544
0.507289 0.621663
0.51292 0.619889
0.518354 0.622512
0.522853 0.618122
0.517796 0.615222
0.513635 0.610561
0.511022 0.60386
0.506287 0.607704
0.509081 0.614068
0.503291 0.61542
0.496403 0.615825
0.49066 0.612338
0.497762 0.606941
0.491183 0.603875
0.484454 0.60501
0.478553 0.609892
0.472364 0.609988
0.466241 0.608301
0.46166 0.602545
0.468964 0.601705
0.475145 0.601671
0.480468 0.595076
0.486999 0.595964
0.493 0.59683
0.498938 0.598383
0.504757 0.599479
0.510916 0.595994
0.516707 0.599315
0.523138 0.593782
0.516389 0.590754
0.510848 0.588199
0.514953 0.581663
0.520769 0.583826
0.528835 0.587447
0.536471 0.586492
0.543314 0.584561
0.550392 0.584524
0.555994 0.587014
0.561259 0.594594
0.556464 0.596711
0.551674 0.59373
0.546382 0.591536
0.54062 0.594521
0.534048 0.595685
0.528177 0.600674
0.522481 0.602743
0.517737 0.606876
0.522126 0.61084
0.527113 0.611418
0.533714 0.607791
0.537777 0.602884
0.542387 0.606453
0.548136 0.609033
0.546598 0.600078
0.552818 0.603816
0.55943 0.604599
0.565488 0.601979
0.569614 0.608465
0.573951 0.616153
0.566608 0.619679
0.561937 0.613756
0.555944 0.612006
0.55206 0.617078
0.557957 0.62323
0.558265 0.63487
0.565495 0.632677
0.570423 0.627301
0.578868 0.634713
0.588985 0.64181
0.592478 0.655871
0.603608 0.657688
0.611344 0.663983
0.615925 0.670052
0.622233 0.671735
0.627413 0.666958
0.633384 0.664245
0.638463 0.668846
0.643607 0.671927
0.647742 0.678027
0.652025 0.674067
0.649079 0.666616
0.64414 0.662083
0.638391 0.659123
0.632787 0.656075
0.626452 0.659015
0.620458 0.662615
0.617848 0.655018
0.615278 0.647137
0.611671 0.63884
0.608585 0.630748
0.602711 0.636039
0.596486 0.628845
0.605434 0.622423
0.60036 0.615806
0.606086 0.609649
0.611145 0.61424
0.616817 0.609549
0.622975 0.608922
0.628049 0.617022
0.61962 0.619748
0.613256 0.623117
0.618301 0.630568
0.62495 0.628197
0.63197 0.624797
0.638333 0.617657
0.644419 0.614934
0.636321 0.607393
0.643952 0.605237
0.650691 0.603315
0.650755 0.612664
0.656902 0.610214
0.664609 0.608473
0.671529 0.606279
0.678852 0.603871
0.688266 0.608547
0.682929 0.613152
0.676098 0.61349
0.670419 0.617997
0.66503 0.625476
0.662875 0.617205
0.656606 0.621691
0.65013 0.621987
0.643328 0.624799
0.638058 0.628147
0.633816 0.633861
0.642157 0.634911
0.648222 0.630665
0.654299 0.631376
0.66039 0.631751
0.666788 0.634539
0.673565 0.635429
0.676212 0.643949
0.669556 0.643639
0.661807 0.641358
0.65565 0.640917
0.649398 0.639483
0.643532 0.643756
0.637089 0.640839
0.629931 0.639984
0.623038 0.640379
0.627097 0.649926
0.633859 0.647998
0.63935 0.650102
0.645814 0.653465
0.651963 0.657738
0.651313 0.648314
0.658007 0.650137
0.665559 0.650039
0.671864 0.654002
0.679026 0.653579
0.686186 0.65722
0.684442 0.646156
0.687294 0.633908
0.679753 0.629836
0.672541 0.626676
0.678902 0.62128
0.689915 0.620634
0.725356 0.621406
0.727534 0.609431
0.736674 0.600258
0.742732 0.597778
0.742578 0.606958
0.758439 0.613676
0.763043 0.617996
0.767738 0.609229
0.763213 0.605566
0.758 0.604565
0.749418 0.598802
0.757826 0.584389
0.750094 0.588941
0.74496 0.589149
0.740163 0.590437
0.735373 0.590655
0.731325 0.594992
0.726371 0.598199
0.693535 0.586471
0.685003 0.588743
0.687764 0.597617
0.681069 0.595929
0.673899 0.596643
0.666958 0.599171
0.659157 0.600932
0.653663 0.595242
0.646296 0.595252
0.639199 0.595918
0.630665 0.592947
0.61753 0.598717
0.611463 0.602989
0.605302 0.598825
0.61087 0.59256
0.614355 0.584739
0.607728 0.580561
0.60407 0.589787
0.591625 0.588509
0.597203 0.596911
0.599816 0.605402
0.593193 0.608762
0.589409 0.617929
0.582137 0.606257
0.575869 0.598606
0.571192 0.592078
0.576789 0.587535
0.577183 0.578149
0.568445 0.584782
0.563034 0.579488
0.568557 0.575215
0.57251 0.569488
0.573049 0.558584
0.567267 0.554327
0.575931 0.550453
0.579956 0.542465
0.584434 0.542253
0.583841 0.550892
0.580323 0.558672
0.588777 0.559571
0.594833 0.565289
0.601287 0.568581
0.608537 0.568675
0.614528 0.572417
0.614765 0.559373
0.62388 0.552167
0.627214 0.539742
0.64662 0.550983
0.652042 0.554687
0.64563 0.560325
0.648791 0.567219
0.654269 0.564657
0.659794 0.568806
0.665178 0.57196
0.67101 0.568413
0.67687 0.564686
0.6801 0.570512
0.675174 0.575488
0.669754 0.578434
0.661897 0.580277
0.655277 0.576358
0.648385 0.577358
0.643858 0.571662
0.639528 0.577828
0.643592 0.585783
0.65076 0.586385
0.656854 0.586344
0.66188 0.591901
0.667509 0.588679
0.673631 0.587453
0.678947 0.586144
0.684169 0.580405
0.689937 0.577935
0.694094 0.57146
0.697129 0.563377
0.684787 0.563208
0.686938 0.553606
0.678098 0.555678
0.670293 0.554847
0.665143 0.561844
0.658656 0.55802
0.663257 0.552877
0.667371 0.547629
0.67438 0.547138
0.68143 0.547446
0.679741 0.538997
0.67259 0.537972
0.676417 0.52981
0.670032 0.529884
0.666127 0.53707
0.660614 0.541019
0.655283 0.545693
0.648531 0.542519
0.650197 0.534557
0.656229 0.534588
0.662052 0.530036
0.657927 0.52369
0.65245 0.525977
0.653802 0.515906
0.655152 0.506855
0.661852 0.508188
0.668016 0.504287
0.673313 0.50216
0.67891 0.504675
0.684546 0.507286
0.681223 0.513393
0.674675 0.512138
0.667825 0.513316
0.661085 0.51654
0.666002 0.523283
0.671954 0.521218
0.677413 0.521022
0.683577 0.521798
0.691884 0.52083
0.683402 0.530599
0.690241 0.535571
0.700344 0.537594
0.720878 0.531513
0.745209 0.527168
0.754828 0.519688
0.743899 0.517102
0.7107 0.502366
0.705744 0.508554
0.701164 0.503049
0.696167 0.498196
0.705265 0.497129
0.709037 0.487985
0.701794 0.490072
0.695492 0.490255
0.68964 0.490307
0.683964 0.492459
0.68421 0.499285
0.678747 0.496024
0.673523 0.493917
0.667724 0.494401
0.661801 0.499752
0.654884 0.497082
0.660612 0.490636
0.655033 0.486672
0.660282 0.479606
0.665888 0.485878
0.67241 0.484521
0.677997 0.488761
0.682433 0.485814
0.678405 0.479679
0.685051 0.479564
0.690599 0.481561
0.697373 0.482303
0.703624 0.480282
0.708903 0.478626
0.707711 0.46986
0.702871 0.47033
0.698043 0.473737
0.692665 0.473645
0.687117 0.471061
0.680717 0.472872
0.673961 0.474643
0.668017 0.477206
0.663945 0.470334
0.670584 0.466254
0.677755 0.467309
0.677752 0.460583
0.684957 0.463388
0.69242 0.464103
0.69857 0.464282
0.706037 0.461138
0.706348 0.450732
0.701816 0.455646
0.696397 0.455221
0.690342 0.455746
0.684098 0.455481
0.683013 0.448054
0.693151 0.447715
0.69993 0.44496
0.705361 0.441296
0.715807 0.433478
0.702342 0.433041
0.693112 0.437505
0.687553 0.440914
0.681328 0.439765
0.675575 0.444804
0.675778 0.453302
0.66964 0.456037
0.663716 0.459405
0.663312 0.448129
0.660676 0.438226
0.669303 0.436471
0.664591 0.425502
0.658908 0.427827
0.659748 0.414119
0.675208 0.404918
0.684141 0.409969
0.678993 0.414598
0.682465 0.421588
0.682646 0.430847
0.689196 0.42865
0.695653 0.425155
0.691805 0.417305
0.699334 0.414134
0.694397 0.406181
0.701186 0.402089
0.702735 0.393531
0.699429 0.385637
0.705957 0.382093
0.697073 0.376813
0.704474 0.370937
0.69819 0.367749
0.700922 0.359917
0.695091 0.358642
0.690515 0.354802
0.683641 0.353941
0.686192 0.361409
0.692343 0.366229
0.687073 0.367946
0.684147 0.374691
0.690292 0.375265
0.685373 0.383065
0.687118 0.390809
0.684392 0.400107
0.678087 0.393856
0.672028 0.395614
0.674709 0.385209
0.675339 0.375708
0.671159 0.370566
0.674954 0.362105
0.668353 0.351776
0.661289 0.343715
0.667244 0.335746
0.657732 0.333915
0.648673 0.325454
0.634593 0.325504
0.62815 0.316778
0.66005 0.310678
0.663444 0.321965
0.677834 0.327587
0.678754 0.335573
0.683582 0.333147
0.687803 0.338938
0.681757 0.343133
0.686851 0.347653
0.692755 0.345227
0.697839 0.349982
0.704216 0.345466
0.699272 0.338813
0.694079 0.334013
0.689045 0.329041
0.683567 0.324218
0.688505 0.318874
0.693964 0.322056
0.699407 0.325633
0.705255 0.328648
0.699565 0.312678
0.688578 0.307246
0.683061 0.313609
0.67807 0.318716
0.675893 0.309765
0.681717 0.302541
0.676086 0.291887
0.666114 0.276966
0.698416 0.239195
0.713362 0.246859
0.708874 0.25214
0.714489 0.256704
0.718806 0.24998
0.756124 0.217533
0.747438 0.171947
0.743802 0.166465
0.742239 0.114673
0.747336 0.110805
0.736599 0.108709
0.741184 0.10319
0.733562 0.0996653
0.737285 0.0935941
0.743066 0.0931912
0.747149 0.101281
0.797936 0.109414
0.802912 0.109865
0.790737 0.165695
0.786705 0.172018
0.789354 0.180084
0.793934 0.17421
0.838246 0.207294
0.843112 0.208751
0.903084 0.178442
0.915193 0.177762
0.910303 0.170794
0.924796 0.137869
0.892431 0.122866
0.887714 0.12494
0.862599 0.0897254
0.89357 0.0653444
0.884024 0.0280767
0.890198 0.0240288
0.884669 0.0192902
0.878699 0.0170555
0.884522 0.0106737
0.880548 0.00505852
0.888571 0.00458986
0.895455 0.00911129
0.89036 0.0141414
0.895437 0.0202068
0.901133 0.0147106
0.943909 0.0521194
0.945564 0.0596084
0.952292 0.0632165
0.947019 0.0681831
0.950933 0.0767078
0.954159 0.0717544
0.99648 0.0614073
0.99662 0.0690959
0.99827 0.078363
0.981441 0.0999134
0.975768 0.0999559
0.976139 0.110091
0.982193 0.114111
0.986296 0.107508
0.992142 0.116034
0.997251 0.120284
0.992327 0.127384
0.997507 0.129191
0.997835 0.136833
0.99334 0.137444
0.997631 0.145196
0.99697 0.160463
0.991224 0.163373
0.985385 0.166539
0.978081 0.165632
0.971496 0.164418
0.975788 0.157914
0.968137 0.140164
0.970204 0.153671
0.965822 0.159926
0.959826 0.162214
0.962624 0.169389
0.967981 0.171477
0.973727 0.174425
0.979667 0.173878
0.987007 0.175101
0.991806 0.172304
0.99699 0.167538
0.997124 0.174558
0.991968 0.181042
0.997195 0.181534
0.997035 0.197525
0.997338 0.206417
0.996861 0.215307
0.991934 0.208226
0.970432 0.213077
0.956953 0.217944
0.98439 0.284318
0.973119 0.320624
0.956441 0.325488
0.890642 0.325683
0.863465 0.290902
0.835964 0.309353
0.829779 0.30582
0.80947 0.3074
0.791785 0.262085
0.770393 0.310561
0.760624 0.32362
0.754666 0.319708
0.754351 0.327818
0.804539 0.364832
0.809478 0.360904
0.815754 0.360704
0.8126 0.369307
0.809772 0.37656
0.805021 0.373197
0.764426 0.39029
0.759298 0.386375
0.75302 0.387519
0.749577 0.395046
0.753532 0.400789
0.757177 0.394457
0.762971 0.396891
0.768343 0.399427
0.760764 0.402603
0.766496 0.408204
0.769467 0.417583
0.764417 0.422313
0.763964 0.431863
0.769184 0.437897
0.773373 0.433778
0.768899 0.428094
0.773823 0.424184
0.779706 0.421262
0.837744 0.467229
0.887616 0.407158
0.892289 0.408072
0.891215 0.400106
0.886337 0.394793
0.890064 0.385919
0.892993 0.392505
0.898701 0.394242
0.940864 0.396215
0.93791 0.401456
0.938351 0.445628
0.946508 0.441008
0.952512 0.440332
0.949924 0.448543
0.946357 0.504592
0.9525 0.501399
0.965776 0.502863
0.971323 0.502884
0.994065 0.5515
0.964683 0.583505
0.961199 0.590806
0.954661 0.588443
0.944824 0.587039
0.939392 0.595825
0.9457 0.596165
0.951498 0.594987
0.958653 0.598086
0.956421 0.605087
0.950532 0.604252
0.953171 0.610075
0.94837 0.61184
0.950146 0.634855
0.943653 0.612388
0.943938 0.604991
0.939245 0.608764
0.935207 0.604472
0.930794 0.59748
0.913545 0.602749
0.90796 0.606894
0.904961 0.601277
0.898978 0.601581
0.902664 0.610018
0.908955 0.614968
0.90192 0.619051
0.896019 0.617491
0.8907 0.61221
0.896134 0.608344
0.89123 0.601621
0.869132 0.55989
0.873394 0.556215
0.875883 0.546922
0.870267 0.548746
0.865191 0.550586
0.858622 0.550184
0.860746 0.556416
0.864449 0.560225
0.849685 0.59097
0.855644 0.595667
0.849322 0.598902
0.844244 0.595027
0.839553 0.595701
0.842201 0.606734
0.847175 0.606331
0.852973 0.606042
0.847415 0.613784
0.820376 0.641837
0.812834 0.642938
0.803385 0.647155
0.815057 0.650321
0.821917 0.651669
0.822794 0.666157
0.829244 0.665931
0.830925 0.677693
0.82016 0.679478
0.816023 0.671905
0.806009 0.668778
0.808148 0.677968
0.810736 0.685873
0.820701 0.688032
0.812287 0.724918
0.802799 0.722984
0.801412 0.731318
0.793467 0.726962
0.793657 0.736887
0.793547 0.744543
0.800825 0.740823
0.855691 0.747607
0.89109 0.717073
0.886331 0.707362
0.90048 0.708602
0.918702 0.716247
0.926809 0.735498
0.921072 0.735457
0.915799 0.738488
0.908291 0.746532
0.903796 0.740857
0.896308 0.744667
0.901774 0.749229
0.906392 0.755146
0.899667 0.756737
0.893468 0.753692
0.895601 0.763456
0.90337 0.765287
0.898348 0.772209
0.903824 0.774771
0.909266 0.771801
0.913695 0.765436
0.910037 0.760865
0.918787 0.758447
0.924066 0.76156
0.929044 0.763045
0.93409 0.764502
0.93885 0.765542
0.944092 0.765642
0.949123 0.764978
0.954209 0.758815
0.966635 0.764699
0.959974 0.752632
0.953202 0.750258
0.94761 0.745892
0.942766 0.749851
0.947345 0.755881
0.94105 0.758206
0.934594 0.757351
0.928179 0.755512
0.923276 0.752409
0.921266 0.744515
0.927567 0.744887
0.932164 0.749346
0.937162 0.749614
0.938976 0.742724
0.932906 0.740529
0.936844 0.73358
0.942926 0.737108
0.948919 0.736971
0.953737 0.740572
0.958968 0.743931
0.964431 0.743047
0.961749 0.71837
0.960032 0.703183
0.957835 0.689161
0.954617 0.677129
0.954369 0.664197
0.973386 0.676414
0.977138 0.669063
0.983766 0.671577
0.990209 0.666037
0.989468 0.675047
0.987607 0.682902
0.98064 0.678755
0.976554 0.684201
0.980293 0.689396
0.989477 0.689977
0.997499 0.72673
0.995425 0.735985
0.996797 0.744024
0.988905 0.745416
0.992926 0.752998
0.997744 0.752696
0.99758 0.760699
0.985259 0.790299
0.956252 0.800497
0.952475 0.794035
0.948367 0.785509
0.939497 0.796737
0.951611 0.804062
0.945286 0.822156
0.95139 0.824447
0.947398 0.830933
0.941289 0.828212
0.923147 0.835535
0.91739 0.851339
0.960468 0.894161
0.963018 0.902311
0.966592 0.908139
0.970159 0.913792
0.972501 0.906036
0.974676 0.89773
0.969246 0.899539
0.965311 0.895826
0.967061 0.88956
0.973023 0.890046
0.978006 0.877079
0.974753 0.871342
0.974473 0.864186
0.980253 0.864143
0.985036 0.870258
0.991877 0.864187
0.996796 0.860809
0.997589 0.868785
0.992056 0.871785
0.988885 0.877985
0.996754 0.876186
0.997447 0.882966
0.992297 0.883504
0.987882 0.887281
0.990521 0.892645
0.996658 0.88999
0.997497 0.89762
0.992832 0.90138
0.997542 0.906841
0.992786 0.911457
0.996819 0.917071
0.985966 0.937006
0.980502 0.943026
0.984394 0.946993
0.981584 0.960538
0.978926 0.952619
0.954413 0.941527
0.949246 0.940823
0.949617 0.947251
0.944828 0.947814
0.944509 0.940459
0.939942 0.942573
0.935528 0.944845
0.934256 0.939076
0.92876 0.940999
0.924819 0.933083
0.931371 0.933631
0.937464 0.933524
0.942573 0.934025
0.947643 0.934115
0.95263 0.934464
0.957878 0.93479
0.956365 0.926234
0.951091 0.927129
0.946141 0.92704
0.940613 0.925892
0.944087 0.920181
0.950507 0.918614
0.944737 0.913322
0.938358 0.915159
0.932132 0.910778
0.92626 0.915107
0.932218 0.919184
0.935957 0.925019
0.930735 0.927171
0.926412 0.92453
0.921518 0.922923
0.892317 0.893256
0.895807 0.888958
0.892364 0.871741
0.890489 0.866072
0.885419 0.872172
0.880167 0.870489
0.87501 0.872052
0.871248 0.868049
0.866926 0.864096
0.865777 0.855415
0.871724 0.857941
0.877614 0.862188
0.884198 0.864516
0.88837 0.859553
0.894165 0.858544
0.893687 0.84925
0.888546 0.851918
0.882588 0.855345
0.876174 0.853131
0.87984 0.847589
0.88533 0.844953
0.880068 0.829772
0.87984 0.8383
0.873783 0.843419
0.869452 0.847773
0.863546 0.845833
0.866541 0.836702
0.860649 0.838538
0.823672 0.840582
0.82341 0.830116
0.819116 0.825831
0.817532 0.817261
0.816829 0.808084
0.807601 0.808156
0.80314 0.815152
0.810394 0.816761
0.81368 0.826525
0.808009 0.827283
0.802174 0.825258
0.79211 0.828543
0.786779 0.823946
0.78401 0.832195
0.788233 0.838259
0.795828 0.83804
0.794301 0.847378
0.788799 0.846033
0.782294 0.86851
0.779915 0.885206
0.779911 0.892113
0.786442 0.893128
0.782842 0.896623
0.77942 0.901943
0.784836 0.902612
0.804639 0.906708
0.809904 0.908631
0.814948 0.912717
0.82081 0.915765
0.826495 0.914467
0.832332 0.916672
0.827796 0.921682
0.822662 0.923362
0.815903 0.921001
0.809498 0.917869
0.8024 0.917209
0.805812 0.925453
0.81279 0.928316
0.819114 0.928244
0.826769 0.929694
0.832421 0.925674
0.837785 0.922773
0.84358 0.917307
0.838345 0.915136
0.834968 0.909653
0.830142 0.908034
0.824376 0.907762
0.819522 0.907572
0.815116 0.903198
0.810105 0.899157
0.817624 0.895229
0.822006 0.899663
0.827176 0.901836
0.830504 0.896852
0.825119 0.891644
0.831836 0.888184
0.839018 0.886533
0.845537 0.889889
0.851926 0.893689
0.857502 0.901622
0.851075 0.903724
0.845842 0.900003
0.840627 0.897571
0.836086 0.894171
0.834704 0.902327
0.84055 0.906523
0.846254 0.909791
0.855446 0.909805
0.851467 0.915494
0.848586 0.922434
0.843217 0.926657
0.837849 0.93134
0.832512 0.934336
0.827549 0.938502
0.822997 0.935348
0.818035 0.935935
0.821246 0.944664
0.803171 0.973734
0.796266 0.970701
0.789271 0.97144
0.78287 0.971245
0.777453 0.975852
0.783954 0.979989
0.777933 0.983967
0.772211 0.981494
0.767565 0.988807
0.772309 0.988474
0.776395 0.991316
0.78238 0.988802
0.788279 0.989218
0.794613 0.987454
0.789322 0.981825
0.794011 0.978323
0.799333 0.980761
0.805532 0.983202
0.801471 0.989083
0.797785 0.995063
0.792549 0.99591
0.787609 0.996455
0.783093 0.996223
0.778134 0.996725
0.771144 0.996353
0.765186 0.996073
0.745547 0.994893
0.74952 0.990421
0.751507 0.971229
0.746997 0.969655
0.763264 0.951444
0.760791 0.944215
0.745081 0.945991
0.70667 0.979959
0.702158 0.973499
0.695833 0.96962
0.691162 0.96328
0.683986 0.966887
0.678415 0.969802
0.674698 0.973633
0.682484 0.974477
0.688277 0.973591
0.693062 0.977283
0.697618 0.980424
0.701266 0.986158
0.708037 0.988504
0.704107 0.994894
0.698652 0.994661
0.693797 0.996012
0.688513 0.996053
0.682514 0.996511
0.679518 0.991782
0.676374 0.996481
0.671492 0.996657
0.666033 0.997158
0.66179 0.994674
0.656662 0.994842
0.660811 0.986038
0.665575 0.985761
0.667376 0.99129
0.671494 0.988611
0.675976 0.987239
0.681299 0.985951
0.686218 0.98938
0.693812 0.987969
0.68946 0.982979
0.684545 0.980966
0.678477 0.979559
0.673527 0.980817
0.669113 0.980817
0.664809 0.977455
0.67015 0.972337
0.666228 0.967259
0.671904 0.962199
0.666802 0.958654
0.665439 0.950776
0.671659 0.95179
0.676282 0.955244
0.679473 0.948447
0.675464 0.942327
0.669879 0.942983
0.664385 0.941001
0.660098 0.9465
0.658174 0.939327
0.653958 0.942357
0.649456 0.941077
0.644634 0.93901
0.633407 0.958663
0.626546 0.961379
0.623882 0.970796
0.631001 0.96731
0.636932 0.966797
0.637433 0.975088
0.630065 0.975316
0.634093 0.981872
0.628204 0.984909
0.623595 0.979489
0.6025 0.994421
0.563833 0.983174
0.567922 0.977261
0.563845 0.973182
0.568477 0.966592
0.557587 0.924104
0.562193 0.920794
0.555727 0.91708
0.554582 0.907912
0.561697 0.911408
0.567239 0.916399
0.571522 0.910032
0.567383 0.904328
0.561468 0.902296
0.556408 0.899639
0.550033 0.900763
0.544819 0.893373
0.552476 0.892416
0.559533 0.891414
0.565608 0.894391
0.57151 0.896105
0.57562 0.902028
0.578068 0.892567
0.5723 0.885532
0.564897 0.884643
0.556886 0.881862
0.550554 0.884389
0.555013 0.861175
0.560598 0.853051
0.554892 0.850207
0.554475 0.84185
0.56019 0.841345
0.565413 0.845857
0.566954 0.838066
0.56321 0.833361
0.557027 0.834717
0.560146 0.82788
0.565931 0.822646
0.558504 0.810425
0.553465 0.810773
0.55002 0.81718
0.544966 0.813315
0.537133 0.813734
0.542544 0.806973
0.54805 0.806528
0.55244 0.80251
0.556533 0.80057
0.561831 0.802127
0.56641 0.798741
0.561244 0.793822
0.566277 0.790674
0.573008 0.787402
0.578823 0.791837
0.577521 0.803277
0.587965 0.799586
0.604987 0.804866
0.595747 0.807174
0.589234 0.813194
0.593252 0.819471
0.588809 0.824588
0.592775 0.830326
0.596302 0.849185
0.603623 0.821183
0.611837 0.824704
0.62042 0.821802
0.625155 0.83729
0.622245 0.84475
0.622886 0.852373
0.624187 0.880559
0.631745 0.880768
0.629885 0.888554
0.635898 0.891566
0.62958 0.897204
0.624236 0.890791
0.618351 0.890152
0.615954 0.881623
0.609794 0.884655
0.604045 0.893109
0.611659 0.893609
0.61664 0.899191
0.623219 0.899772
0.628718 0.905599
0.634673 0.902739
0.640924 0.899883
0.647724 0.898646
0.656569 0.89713
0.663118 0.900751
0.670436 0.903704
0.664411 0.910459
0.657688 0.908779
0.652031 0.905181
0.645323 0.907856
0.638771 0.910106
0.632443 0.913084
0.624599 0.910241
0.619454 0.907397
0.613649 0.907525
0.608348 0.901929
0.604236 0.912038
0.611065 0.915329
0.619081 0.916352
0.626266 0.917968
0.632003 0.922544
0.637996 0.919734
0.643699 0.916751
0.650155 0.914214
0.655126 0.917634
0.661086 0.918202
0.667547 0.922997
0.662319 0.926377
0.656977 0.926427
0.652012 0.924808
0.647663 0.921901
0.642618 0.926123
0.636639 0.929152
0.640746 0.934344
0.647672 0.931869
0.653796 0.933827
0.660723 0.933389
0.66708 0.932705
0.672861 0.932638
0.673888 0.92237
0.669907 0.914236
0.67606 0.912381
0.679811 0.905561
0.680289 0.897312
0.673342 0.894813
0.665547 0.891985
0.671866 0.884245
0.671404 0.871886
0.667212 0.863051
0.675503 0.859676
0.684533 0.865957
0.690773 0.857948
0.696089 0.849592
0.702474 0.847949
0.708085 0.849293
0.712462 0.84442
0.705933 0.840985
0.697979 0.841814
0.691599 0.842056
0.684715 0.843202
0.67947 0.840961
0.673396 0.838973
0.674344 0.845875
0.667467 0.845531
0.661169 0.844474
0.654764 0.843988
0.647409 0.84729
0.641173 0.841786
0.63324 0.839092
0.637617 0.832741
0.645335 0.831671
0.648853 0.838892
0.653221 0.831722
0.660563 0.833487
0.668975 0.825047
0.675499 0.821527
0.6826 0.82149
0.687728 0.816462
0.693019 0.818395
0.696595 0.813398
0.70211 0.817891
0.708252 0.823275
0.702315 0.8259
0.696489 0.825348
0.688999 0.826145
0.686198 0.833949
0.693618 0.833924
0.700697 0.834128
0.706792 0.831242
0.713341 0.828083
0.71173 0.836132
0.717449 0.839328
0.722643 0.839833
0.723434 0.831616
0.718774 0.826506
0.727037 0.822922
0.734045 0.821988
0.731448 0.815667
0.738131 0.81573
0.735755 0.809446
0.741979 0.805699
0.738889 0.797359
0.744462 0.793209
0.738046 0.787606
0.729857 0.786502
0.723635 0.791541
0.732248 0.793802
0.726895 0.799542
0.734003 0.801896
0.729508 0.806983
0.725319 0.812663
0.719247 0.815268
0.713697 0.818151
0.708269 0.814152
0.713273 0.807603
0.721425 0.80531
0.718433 0.798321
0.712219 0.798944
0.714114 0.79002
0.708215 0.792059
0.702962 0.793095
0.697915 0.793316
0.691218 0.795153
0.685539 0.796479
0.677523 0.795035
0.682271 0.788391
0.674806 0.786424
0.666998 0.786629
0.662278 0.796568
0.670234 0.797464
0.674786 0.80401
0.68115 0.803024
0.68669 0.804407
0.691344 0.802533
0.696003 0.799669
0.696371 0.806507
0.691019 0.809815
0.683887 0.810922
0.677807 0.812481
0.670229 0.810626
0.662051 0.813173
0.647285 0.797889
0.645159 0.789725
0.650078 0.789114
0.646469 0.777271
0.651643 0.773304
0.66606 0.773814
0.6731 0.769958
0.684581 0.770574
0.688082 0.762605
0.692238 0.769608
0.69698 0.774517
0.699682 0.76715
0.706848 0.767978
0.702736 0.773528
0.706083 0.778448
0.700263 0.780545
0.693101 0.779802
0.686817 0.777916
0.688354 0.78623
0.693481 0.788257
0.698283 0.786401
0.704481 0.785848
0.710145 0.78453
0.715929 0.781493
0.710858 0.776282
0.715214 0.772457
0.718164 0.766476
0.722361 0.760714
0.734198 0.763451
0.743002 0.761818
0.745329 0.747207
0.732805 0.752785
0.716108 0.755452
0.708023 0.752024
0.706695 0.740592
0.697068 0.743132
0.700754 0.749327
0.69136 0.752885
0.68484 0.754614
0.67907 0.75451
0.67303 0.755895
0.666168 0.758516
0.667247 0.746706
0.673892 0.746605
0.682294 0.744528
0.688211 0.744976
0.685989 0.732545
0.678173 0.733521
0.671258 0.733186
0.670212 0.721966
0.678791 0.723547
0.676307 0.712715
0.675136 0.70181
0.685735 0.710519
0.699095 0.716466
0.705573 0.722405
0.72476 0.690925
0.70214 0.702743
0.685959 0.689758
0.679408 0.678436
0.674675 0.671676
0.684412 0.669406
0.678502 0.662917
0.671235 0.663594
0.664787 0.658905
0.659036 0.65976
0.655046 0.66611
0.664308 0.668691
0.666182 0.677525
0.65989 0.678852
0.654021 0.684408
0.647557 0.686103
0.64201 0.68064
0.636617 0.677661
0.632356 0.672808
0.626944 0.675711
0.630218 0.682542
0.623222 0.682362
0.617343 0.679448
0.612016 0.685449
0.604474 0.683137
0.610564 0.675728
0.604111 0.670291
0.591829 0.672646
0.590395 0.6851
0.579607 0.688663
0.582697 0.679912
0.578249 0.672808
0.578852 0.663437
0.57044 0.66054
0.576589 0.650411
0.567772 0.645895
0.55996 0.646305
0.562532 0.657205
0.557724 0.663478
0.550837 0.661952
0.54469 0.660728
0.538348 0.66011
0.534292 0.665435
0.528745 0.668038
0.526696 0.660906
0.531473 0.657297
0.527008 0.650505
0.531264 0.648203
0.536576 0.651415
0.541947 0.6522
0.547735 0.652455
0.546413 0.642776
0.54033 0.642886
0.534375 0.641968
0.527844 0.640304
0.521883 0.642869
0.516693 0.643862
0.511313 0.642445
0.511428 0.635323
0.516696 0.635867
0.522133 0.635592
0.52661 0.632082
0.534027 0.633843
0.5405 0.633316
0.547679 0.633292
0.549284 0.625131
0.542615 0.624608
0.545348 0.616593
0.538661 0.614537
0.532549 0.617249
0.536065 0.624765
0.530333 0.625955
0.525339 0.623222
0.520658 0.628728
0.514269 0.627958
0.508153 0.628986
0.502888 0.632975
0.506327 0.638575
0.501849 0.643873
0.506638 0.647104
0.512833 0.649331
0.519812 0.650949
0.51973 0.658431
0.51387 0.656088
0.507839 0.654098
0.501447 0.653588
0.504047 0.660493
0.509203 0.661451
0.514413 0.663863
0.519761 0.665313
0.522785 0.670624
0.517166 0.672551
0.510926 0.675133
0.510757 0.668776
0.505812 0.668746
0.500516 0.665607
0.493958 0.667144
0.488651 0.667246
0.48455 0.661986
0.491393 0.658712
0.486366 0.652687
0.491932 0.648959
0.4863 0.643304
0.492895 0.636811
0.482724 0.633282
0.475776 0.633049
0.47744 0.641237
0.48099 0.647804
0.47622 0.650767
0.481291 0.656232
0.476809 0.661023
0.481082 0.667144
0.476793 0.670071
0.47824 0.677741
0.484657 0.67409
0.49006 0.67569
0.494104 0.67776
0.498185 0.674122
0.503243 0.67483
0.507473 0.679033
0.503053 0.682577
0.497613 0.683873
0.49235 0.685646
0.487695 0.683391
0.482841 0.682815
0.478827 0.68851
0.484232 0.691845
0.489725 0.692952
0.495609 0.693249
0.501676 0.690345
0.507211 0.687314
0.511697 0.68402
0.519058 0.684484
0.5152 0.679399
0.521214 0.678317
0.526427 0.676304
0.533105 0.67486
0.53846 0.678894
0.542859 0.674942
0.538067 0.670772
0.541945 0.667152
0.54742 0.669137
0.554845 0.671595
0.564063 0.668913
0.565935 0.67748
0.571042 0.686277
0.5612 0.687411
0.556829 0.680945
0.549104 0.678171
0.544318 0.682948
0.539519 0.686269
0.534311 0.684629
0.529311 0.682768
0.524722 0.68589
0.53004 0.690914
0.526149 0.694642
0.521206 0.692549
0.515792 0.6897
0.511012 0.692326
0.505757 0.695624
0.500141 0.698779
0.505418 0.70419
0.5105 0.69972
0.516016 0.698138
0.522222 0.701552
0.516186 0.705991
0.511205 0.707278
0.507139 0.71272
0.513318 0.714605
0.51836 0.717461
0.519329 0.710968
0.524472 0.711039
0.529241 0.714021
0.534611 0.717001
0.539752 0.717079
0.54334 0.7123
0.54788 0.709563
0.543147 0.703831
0.537945 0.708578
0.53284 0.707932
0.527821 0.704278
0.531829 0.699714
0.537818 0.70091
0.535016 0.694048
0.542419 0.692154
0.548668 0.689178
0.545765 0.696769
0.55329 0.696324
0.549973 0.70279
0.555877 0.706753
0.559292 0.700497
0.565186 0.697657
0.571877 0.701617
0.564904 0.706288
0.569415 0.710796
0.573363 0.716636
0.579188 0.721592
0.57422 0.725135
0.568503 0.724998
0.564214 0.719622
0.559346 0.715884
0.553098 0.713555
0.549027 0.717872
0.54466 0.72106
0.539542 0.725102
0.54486 0.729707
0.550539 0.734562
0.550574 0.727256
0.554584 0.721718
0.55863 0.727791
0.556985 0.73514
0.562504 0.737294
0.568544 0.743602
0.563916 0.747583
0.55878 0.746918
0.554053 0.741935
0.548321 0.741389
0.543145 0.73802
0.53823 0.733214
0.532451 0.734192
0.525941 0.737262
0.520096 0.739151
0.514507 0.739137
0.509811 0.740713
0.505266 0.736989
0.508349 0.730444
0.514895 0.731339
0.521867 0.730372
0.527841 0.729365
0.533826 0.725772
0.529001 0.721923
0.523682 0.720814
0.518111 0.724582
0.512291 0.722864
0.506539 0.720732
0.502765 0.72709
0.499508 0.733495
0.49533 0.728558
0.493054 0.721133
0.49878 0.721769
0.501409 0.715925
0.495326 0.713301
0.501041 0.708272
0.495924 0.704745
0.491664 0.700612
0.485663 0.700857
0.479848 0.69861
0.481362 0.708527
0.489383 0.708219
0.487811 0.715282
0.481589 0.718067
0.48768 0.725319
0.481328 0.728515
0.485463 0.734816
0.491438 0.734665
0.49619 0.740174
0.491616 0.745793
0.486642 0.744231
0.481982 0.753615
0.488535 0.756119
0.495841 0.752255
0.50086 0.759661
0.494509 0.762398
0.492584 0.773706
0.486245 0.777813
0.47841 0.776137
0.472619 0.766823
0.467487 0.77451
0.471813 0.781316
0.473866 0.790125
0.477757 0.797331
0.483246 0.801241
0.48881 0.803649
0.494683 0.801525
0.50003 0.797898
0.507525 0.793061
0.504746 0.784062
0.500084 0.788542
0.493765 0.792385
0.488544 0.795999
0.482706 0.792833
0.480048 0.785001
0.487185 0.78678
0.493343 0.783685
0.498433 0.778891
0.503387 0.774186
0.508507 0.775544
0.516586 0.782052
0.521653 0.770764
0.513427 0.770699
0.507786 0.764798
0.508108 0.755621
0.502698 0.752178
0.50147 0.744791
0.506857 0.746921
0.511905 0.748723
0.517476 0.746819
0.514642 0.755593
0.520722 0.753813
0.526585 0.754982
0.531709 0.75875
0.537132 0.760018
0.540385 0.766908
0.546432 0.76619
0.551573 0.770275
0.557503 0.770058
0.56192 0.775091
0.567372 0.775214
0.570825 0.768951
0.576279 0.772086
0.581162 0.772386
0.581604 0.763207
0.575834 0.763799
0.570323 0.760787
0.564796 0.765957
0.559764 0.762356
0.553638 0.761993
0.549502 0.757594
0.543856 0.756603
0.538552 0.751991
0.532636 0.750311
0.525169 0.746453
0.530883 0.742177
0.537197 0.742494
0.54304 0.746478
0.548317 0.749207
0.553655 0.75074
0.558608 0.754802
0.564434 0.756431
0.569849 0.752941
0.576098 0.756039
0.574737 0.747005
0.582885 0.750904
0.584408 0.743124
0.579461 0.739662
0.573682 0.734994
0.57944 0.730342
0.584743 0.735069
0.58487 0.726608
0.586082 0.718027
0.586984 0.708667
0.579497 0.710151
0.582866 0.700613
0.58823 0.696546
0.601049 0.697567
0.607559 0.693809
0.613577 0.695553
0.618471 0.690714
0.625647 0.690544
0.631753 0.691246
0.636559 0.686411
0.642045 0.689939
0.648066 0.693613
0.654858 0.692965
0.662611 0.689732
0.662124 0.700117
0.656251 0.700607
0.659269 0.708945
0.654706 0.716494
0.649232 0.716721
0.64247 0.716821
0.639475 0.723237
0.643282 0.731836
0.647425 0.725184
0.657268 0.727331
0.654601 0.735533
0.649165 0.740197
0.652964 0.747816
0.643062 0.750317
0.64706 0.757706
0.638381 0.756773
0.641373 0.765358
0.633271 0.763778
0.631416 0.775855
0.625537 0.778674
0.615716 0.782659
0.612874 0.769754
0.617213 0.768962
0.62281 0.765154
0.625976 0.756055
0.619446 0.759281
0.613967 0.759283
0.616711 0.749816
0.615517 0.739494
0.619904 0.733029
0.624051 0.741369
0.630161 0.747441
0.635967 0.741854
0.62986 0.736819
0.636504 0.732521
0.631823 0.726247
0.633823 0.717704
0.627105 0.720764
0.621338 0.719648
0.623745 0.710489
0.630025 0.708977
0.637432 0.707764
0.644979 0.70864
0.652248 0.708591
0.649438 0.701736
0.643178 0.700192
0.637562 0.696831
0.630823 0.699942
0.623485 0.699655
0.616976 0.703876
0.609883 0.704341
0.612962 0.712899
0.612027 0.722075
0.59766 0.718811
0.601012 0.728052
0.596723 0.734458
0.601694 0.737688
0.601718 0.746167
0.595068 0.745074
0.593588 0.754123
0.598056 0.75494
0.603032 0.755449
0.60116 0.762805
0.59357 0.763637
0.602409 0.769749
0.59703 0.771312
0.591145 0.775089
0.594842 0.780473
0.601006 0.779033
0.597229 0.787758
0.590857 0.787364
0.579392 0.782017
0.573055 0.778824
0.566877 0.783114
0.559686 0.783842
0.552794 0.778978
0.544677 0.778231
0.53682 0.778819
0.540794 0.78661
0.533832 0.792837
0.539856 0.794907
0.545306 0.792911
0.547744 0.78638
0.553679 0.786644
0.556397 0.793204
0.551691 0.793683
0.548719 0.798428
0.54377 0.800324
0.537572 0.802228
0.532177 0.806514
0.528038 0.799692
0.522137 0.805217
0.522334 0.829687
0.514902 0.843863
0.52081 0.847145
0.521259 0.854782
0.512957 0.862063
0.495239 0.879424
0.409416 0.927231
0.37999 0.922169
0.346707 0.911835
0.340925 0.915742
0.335506 0.914266
0.331767 0.906536
0.327136 0.911789
0.32322 0.919981
0.321774 0.91362
0.323344 0.904299
0.330722 0.898087
0.334842 0.891476
0.337881 0.901876
0.342907 0.904372
0.348673 0.901024
0.345677 0.889951
0.354956 0.861559
0.389855 0.822376
0.389862 0.800128
0.386908 0.782249
0.385607 0.769999
0.366426 0.782452
0.36979 0.770196
0.369908 0.757887
0.3639 0.751474
0.371709 0.74366
0.38102 0.743652
0.377211 0.748792
0.383748 0.757549
0.439874 0.746465
0.461027 0.741867
0.452271 0.735669
0.440865 0.732193
0.446702 0.729577
0.450698 0.72372
0.444095 0.718682
0.438784 0.721772
0.441124 0.707263
0.452277 0.701468
0.443284 0.695737
0.430522 0.692336
0.431695 0.681958
0.431743 0.672852
0.442585 0.678673
0.448437 0.675965
0.44433 0.670245
0.452479 0.670435
0.454486 0.661304
0.449224 0.662723
0.443938 0.661758
0.434875 0.661225
0.429879 0.652871
0.441157 0.651622
0.446656 0.654568
0.454227 0.652962
0.449266 0.648533
0.455117 0.643985
0.449987 0.639925
0.444778 0.64272
0.438964 0.642955
0.438113 0.634488
0.427403 0.638752
0.418216 0.634843
0.410804 0.64411
0.417101 0.646629
0.416962 0.657392
0.39669 0.665324
0.401847 0.654871
0.396299 0.650725
0.40084 0.639918
0.410272 0.633807
0.405105 0.628439
0.40126 0.620409
0.406932 0.616216
0.42249 0.610755
0.412032 0.609258
0.406156 0.603794
0.40132 0.608057
0.389692 0.599532
0.381687 0.600568
0.38667 0.609528
0.377171 0.608668
0.381029 0.616219
0.375269 0.620254
0.385783 0.621415
0.381542 0.628994
0.374383 0.630126
0.371534 0.638094
0.38001 0.63907
0.375703 0.646853
0.368523 0.646228
0.368315 0.656178
0.375715 0.65677
0.373535 0.664324
0.367531 0.667842
0.374367 0.672686
0.368188 0.677385
0.374222 0.681987
0.367456 0.686331
0.372714 0.694098
0.365525 0.695415
0.361692 0.704006
0.368199 0.704908
0.374413 0.704808
0.378022 0.714759
0.371347 0.714832
0.36477 0.714837
0.368229 0.724299
0.37686 0.724384
0.378753 0.734488
0.372505 0.732904
0.365748 0.735791
0.348004 0.739223
0.344965 0.727331
0.353579 0.716423
0.339727 0.712243
0.344002 0.706302
0.348678 0.69926
0.353866 0.690188
0.347135 0.69063
0.340801 0.698402
0.334063 0.701601
0.333452 0.691982
0.331351 0.684023
0.336517 0.678643
0.337082 0.669206
0.34306 0.670748
0.347206 0.680964
0.354027 0.67767
0.348904 0.670734
0.35418 0.664854
0.347212 0.66075
0.340972 0.657738
0.345979 0.650372
0.354752 0.654957
0.355593 0.645922
0.347028 0.642304
0.347213 0.633545
0.355378 0.6361
0.355555 0.625347
0.355536 0.613795
0.346854 0.618411
0.337744 0.619696
0.332294 0.623913
0.324297 0.619345
0.317843 0.614683
0.31149 0.613726
0.315119 0.604306
0.322113 0.604264
0.335542 0.606694
0.341651 0.604777
0.349298 0.602186
0.342869 0.595457
0.334942 0.595207
0.341363 0.586542
0.340086 0.570783
0.332036 0.573923
0.325039 0.575077
0.326724 0.594409
0.319871 0.594918
0.313587 0.592746
0.307834 0.602209
0.301229 0.60608
0.304632 0.612976
0.307512 0.62099
0.311584 0.626199
0.317075 0.624299
0.323149 0.627798
0.32834 0.630385
0.33364 0.637008
0.327821 0.646088
0.323796 0.638112
0.318711 0.633912
0.313622 0.636063
0.31797 0.643655
0.320241 0.652257
0.330659 0.657247
0.324709 0.664888
0.312475 0.665488
0.307866 0.669579
0.299695 0.671657
0.29477 0.676718
0.289586 0.681825
0.296322 0.687129
0.302017 0.681842
0.309671 0.679647
0.314583 0.675487
0.316538 0.68529
0.309302 0.688346
0.314436 0.694452
0.320266 0.697505
0.316239 0.704391
0.310705 0.706877
0.30546 0.711133
0.310837 0.717169
0.317161 0.71421
0.322317 0.709503
0.32266 0.720633
0.31734 0.723757
0.322808 0.732779
0.317043 0.732379
0.312288 0.738509
0.317717 0.741472
0.32289 0.745024
0.323097 0.75523
0.323646 0.764043
0.324383 0.772725
0.317663 0.771804
0.315948 0.763238
0.312174 0.757101
0.317363 0.751513
0.311608 0.748179
0.303128 0.741015
0.303758 0.730747
0.31108 0.72652
0.303949 0.721575
0.300032 0.71446
0.295861 0.707433
0.302095 0.702799
0.308527 0.697974
0.301882 0.693219
0.294631 0.698408
0.290475 0.690718
0.283385 0.68668
0.280865 0.695173
0.27435 0.697868
0.266854 0.697108
0.260894 0.69857
0.266754 0.704744
0.272263 0.708476
0.27912 0.71771
0.267376 0.726743
0.255574 0.726266
0.250615 0.729563
0.251945 0.71607
0.236683 0.713723
0.231974 0.714443
0.233672 0.721479
0.238784 0.722683
0.23925 0.731729
0.23377 0.729255
0.230139 0.737915
0.220804 0.726062
0.213869 0.730229
0.218886 0.732419
0.216701 0.738481
0.201392 0.747887
0.222987 0.747834
0.232229 0.749595
0.239088 0.752937
0.238701 0.742974
0.244027 0.745751
0.252885 0.743724
0.259588 0.738848
0.271011 0.7387
0.279557 0.759288
0.25464 0.762288
0.231859 0.788403
0.237422 0.796623
0.233011 0.802054
0.237845 0.808414
0.23212 0.810336
0.231006 0.820759
0.231045 0.835921
0.26401 0.836111
0.285593 0.848141
0.284345 0.8388
0.283142 0.831465
0.291151 0.830618
0.287222 0.824735
0.293114 0.823642
0.290944 0.816648
0.284687 0.816961
0.281119 0.808645
0.288133 0.807266
0.28468 0.797193
0.294018 0.798255
0.303997 0.802481
0.301697 0.810824
0.294689 0.810026
0.29736 0.81846
0.30293 0.821984
0.297591 0.828087
0.303294 0.830448
0.318641 0.836537
0.300265 0.862976
0.300848 0.87555
0.302551 0.883628
0.298322 0.88684
0.296321 0.894401
0.295251 0.902517
0.222837 0.946908
0.216455 0.950937
0.219997 0.956302
0.216858 0.962151
0.210954 0.958876
0.204388 0.961686
0.197118 0.959588
0.198925 0.966831
0.202686 0.971918
0.2072 0.969391
0.210958 0.966394
0.21572 0.969147
0.211529 0.975167
0.206176 0.978882
0.199788 0.977911
0.195219 0.97298
0.19188 0.966684
0.188085 0.960393
0.184399 0.95302
0.191961 0.954939
0.197283 0.950316
0.20288 0.953316
0.209033 0.950064
0.214141 0.942213
0.203756 0.943113
0.19637 0.942605
0.18939 0.946907
0.170727 0.920233
0.171345 0.912448
0.174003 0.905889
0.169513 0.904481
0.172447 0.897799
0.139894 0.89276
0.135056 0.894693
0.133376 0.885169
0.131593 0.876886
0.125081 0.875657
0.118713 0.875574
0.122597 0.869018
0.108584 0.866413
0.107359 0.874015
0.1032 0.872365
0.0957575 0.875475
0.0895989 0.88343
0.0838466 0.889335
0.0896553 0.892217
0.0839404 0.90051
0.0886202 0.90713
0.0895701 0.899932
0.0954871 0.90139
0.101607 0.897671
0.103173 0.89087
0.0958791 0.890968
0.0985966 0.883025
0.10487 0.88255
0.118797 0.884152
0.115507 0.891049
0.131981 0.913519
0.130352 0.922861
0.124653 0.91827
0.105998 0.937226
0.100271 0.933749
0.0939672 0.933084
0.0947212 0.940127
0.0877239 0.938849
0.0804272 0.940723
0.0755536 0.946448
0.0839114 0.947965
0.0900412 0.946514
0.0960366 0.94738
0.100793 0.942156
0.107074 0.944962
0.101119 0.950201
0.105868 0.952901
0.104196 0.959865
0.09868 0.957561
0.0935243 0.953504
0.0882409 0.955307
0.0820844 0.955681
0.0866011 0.9646
0.0924333 0.961827
0.097102 0.965354
0.102202 0.966822
0.115764 0.974862
0.143556 0.994812
0.0969853 0.972287
0.0915811 0.970638
0.0853613 0.97318
0.0757701 0.982903
0.0724452 0.977349
0.0674439 0.980589
0.0668022 0.986405
0.0709278 0.986506
0.0686749 0.994407
0.00295268 0.994904
0.0214591 0.977185
0.0296121 0.97128
0.0285957 0.96338
0.0246182 0.966619
0.0205799 0.964235
0.0214818 0.957012
0.0263733 0.956322
0.0230059 0.948227
0.00225854 0.86881
0.00592346 0.863896
0.0019892 0.860766
0.00359078 0.853686
0.00342651 0.845807
0.0347036 0.842105
0.0387939 0.843407
0.0384909 0.834159
0.0330916 0.834412
0.0365024 0.826526
0.0764958 0.788998
0.0827536 0.792499
0.0892449 0.789179
0.0831467 0.783583
0.0768527 0.776704
0.0837516 0.774076
0.089862 0.778656
0.0953545 0.783284
0.101061 0.781164
0.0957797 0.774474
0.102544 0.77135
0.0968068 0.763941
0.103774 0.75888
0.102358 0.748809
0.0971699 0.754079
0.0903608 0.751924
0.0916781 0.760362
0.0881165 0.766314
0.0817764 0.767655
0.0773219 0.765514
0.0811124 0.75909
0.0398924 0.724537
0.0302793 0.726986
0.0266897 0.717815
0.0333811 0.719406
0.038604 0.714227
0.0313854 0.711236
0.0249001 0.706648
0.0316085 0.702826
0.0381841 0.704276
0.0682008 0.660834
0.0754068 0.660367
0.0790973 0.651521
0.0753331 0.646836
0.0719035 0.652607
0.0668214 0.652887
0.0636607 0.64097
0.0570948 0.645067
0.0517206 0.649577
0.0460014 0.645613
0.0509509 0.6403
0.0452602 0.635107
0.0408711 0.64108
0.01391 0.610165
0.00872803 0.609689
0.00544045 0.60378
0.00825134 0.598504
0.0138407 0.599767
0.0268396 0.594631
0.031589 0.59843
0.0321902 0.58945
0.0255229 0.584914
0.0310788 0.580036
0.0419982 0.579836
0.047778 0.576029
0.0458784 0.585226
0.0419128 0.591076
0.0482789 0.594203
0.0545063 0.594687
0.0513705 0.601614
0.054218 0.608258
0.0590004 0.610552
0.0648136 0.611071
0.068895 0.614779
0.0725243 0.6078
0.0725756 0.600668
0.0681661 0.605684
0.062339 0.604343
0.0579452 0.601036
0.066027 0.598546
0.0618218 0.592921
0.0653659 0.581263
0.123583 0.577398
0.129412 0.579954
0.124959 0.586128
0.127733 0.592595
0.11745 0.611414
0.12063 0.616115
0.116318 0.622102
0.127593 0.626889
0.125139 0.634673
0.13297 0.632344
0.146076 0.631184
0.140796 0.666453
0.152743 0.704505
0.156818 0.709077
0.161027 0.70313
0.16461 0.710722
0.160336 0.714707
0.154784 0.717708
0.150783 0.712785
0.144408 0.714049
0.146354 0.705904
0.139631 0.708143
0.131707 0.712876
0.137723 0.718205
0.130052 0.726623
0.138207 0.731005
0.142828 0.723333
0.148739 0.721389
0.152301 0.726297
0.14882 0.732588
0.156253 0.731218
0.158959 0.723294
0.163637 0.726444
0.167493 0.720185
0.172997 0.713809
0.179796 0.711851
0.168706 0.704251
0.179449 0.683021
0.178793 0.672757
0.194554 0.681413
0.194785 0.689808
0.198729 0.683839
0.200802 0.677121
0.195134 0.672428
0.200603 0.668785
0.19492 0.663181
0.199519 0.659138
0.195719 0.650969
0.204506 0.651585
0.209071 0.663169
0.213049 0.657285
0.221214 0.659301
0.221396 0.649055
0.220779 0.640126
0.220227 0.632087
0.208232 0.639156
0.20106 0.638055
0.208084 0.628909
0.208038 0.619978
0.216496 0.618169
0.220461 0.623817
0.221729 0.613089
0.21525 0.609266
0.208357 0.607379
0.214858 0.600571
0.221823 0.603128
0.221978 0.593486
0.2168 0.591525
0.211462 0.591908
0.207807 0.598764
0.191857 0.59228
0.186445 0.592705
0.184211 0.583438
0.189555 0.585051
0.193318 0.580457
0.187287 0.57652
0.182431 0.572865
0.187108 0.567506
0.191801 0.561775
0.196177 0.556925
0.200586 0.550575
0.202317 0.557557
0.200607 0.565123
0.19574 0.566239
0.19183 0.572185
0.197524 0.573019
0.214656 0.582536
0.221311 0.584122
0.219554 0.575549
0.236303 0.575856
0.232043 0.582024
0.23291 0.593255
0.241077 0.598077
0.234097 0.603596
0.240458 0.608385
0.233714 0.614783
0.24148 0.621379
0.240356 0.63099
0.235658 0.63094
0.236029 0.641132
0.236265 0.654777
0.250746 0.657525
0.258245 0.64918
0.263254 0.655128
0.257638 0.660781
0.263329 0.66913
0.25777 0.669222
0.251489 0.670233
0.255299 0.676831
0.249284 0.679807
0.248016 0.688045
0.255243 0.685124
0.255373 0.693018
0.262459 0.688686
0.26976 0.689148
0.275074 0.682841
0.267836 0.682194
0.261033 0.679049
0.266512 0.67479
0.273597 0.672675
0.282078 0.668623
0.283247 0.659807
0.288828 0.671952
0.295005 0.665563
0.302363 0.66354
0.308326 0.658356
0.306524 0.650495
0.29989 0.655328
0.292399 0.647698
0.299493 0.646715
0.30473 0.642355
0.301087 0.636448
0.295634 0.638256
0.289515 0.637522
0.285569 0.6313
0.292682 0.629566
0.299046 0.629131
0.296236 0.621386
0.293685 0.613216
0.288497 0.610207
0.283513 0.606411
0.290023 0.597981
0.283164 0.598562
0.276376 0.60046
0.271018 0.603307
0.277781 0.606972
0.277184 0.615598
0.283106 0.615441
0.288869 0.621517
0.28147 0.623429
0.274226 0.622453
0.269032 0.628474
0.274505 0.631349
0.279912 0.63284
0.279245 0.64386
0.271035 0.637245
0.266402 0.639124
0.260146 0.638178
0.252496 0.633004
0.261649 0.631618
0.263666 0.622418
0.252743 0.61558
0.260547 0.609545
0.26651 0.607498
0.263861 0.600992
0.257034 0.592954
0.251607 0.589203
0.260091 0.585462
0.25441 0.580629
0.260828 0.576632
0.265841 0.571405
0.27147 0.572412
0.282685 0.566624
0.289362 0.558532
0.276983 0.537435
0.266919 0.540526
0.261306 0.547481
0.2536 0.545281
0.253066 0.554009
0.248387 0.560921
0.242859 0.565769
0.241584 0.557545
0.246239 0.550704
0.234052 0.534434
0.232565 0.526178
0.227709 0.518166
0.225604 0.511102
0.261544 0.512645
0.27818 0.518419
0.278225 0.528924
0.295465 0.528604
0.30228 0.525442
0.298113 0.518942
0.301717 0.511324
0.307664 0.511365
0.307336 0.520676
0.313673 0.520362
0.319386 0.517416
0.313872 0.511487
0.319406 0.508686
0.326244 0.5148
0.331963 0.513006
0.325569 0.505999
0.329914 0.501799
0.336027 0.504913
0.340329 0.511462
0.337118 0.518767
0.344177 0.51984
0.350603 0.517364
0.34613 0.511693
0.35069 0.506699
0.343956 0.503483
0.356647 0.454292
0.36072 0.450619
0.364891 0.446103
0.362594 0.438651
0.356999 0.439696
0.352451 0.447933
0.351418 0.44002
0.284747 0.406094
0.278147 0.407931
0.273909 0.40046
0.277261 0.391817
0.28064 0.398893
0.287637 0.397547
0.28452 0.389892
0.303175 0.333287
0.303197 0.321985
0.291407 0.333263
0.203904 0.378125
0.194396 0.381094
0.188171 0.387819
0.193111 0.395143
0.199375 0.390263
0.218616 0.416544
0.200206 0.412193
0.195167 0.417233
0.193607 0.44359
0.199502 0.443231
0.20336 0.448942
0.201611 0.456979
0.195989 0.452339
0.162114 0.458361
0.15698 0.463151
0.163184 0.467839
0.169534 0.474827
0.175706 0.474558
0.180077 0.481017
0.173217 0.486204
0.161619 0.499768
0.183892 0.515373
0.188928 0.514691
0.194298 0.514756
0.191677 0.523793
0.18555 0.523928
0.164972 0.523654
0.158922 0.524087
0.152474 0.521751
0.152811 0.530374
0.159711 0.532476
0.165674 0.532199
0.164176 0.539808
0.158027 0.540208
0.151955 0.538164
0.146279 0.535771
0.141513 0.529965
0.1465 0.523976
0.140136 0.52032
0.133366 0.510756
0.135423 0.503875
0.120352 0.510423
0.11856 0.519678
0.113642 0.513995
0.107749 0.514102
0.104144 0.522999
0.099633 0.527653
0.103849 0.536146
0.0962897 0.535005
0.0938445 0.527672
0.0916698 0.519744
0.0985736 0.517748
0.102922 0.50893
0.113343 0.505847
0.107525 0.50183
0.103797 0.492258
0.109579 0.491342
0.113872 0.485034
0.112428 0.477703
0.106518 0.473953
0.107538 0.453122
0.101916 0.452198
0.105138 0.444424
0.110779 0.444519
0.108282 0.435692
0.10208 0.437159
0.0988789 0.444994
0.0821548 0.44939
0.0821808 0.456641
0.0884266 0.479447
0.0943141 0.476292
0.100421 0.475976
0.106385 0.482826
0.100272 0.485781
0.0944113 0.485901
0.0898616 0.491297
0.089662 0.507337
0.058604 0.514123
0.0592289 0.523553
0.0538411 0.529069
0.0458259 0.53309
0.0514263 0.536041
0.0587667 0.533826
0.0560291 0.540872
0.0513009 0.544328
0.0467779 0.542902
0.0418262 0.54152
0.0357333 0.542408
0.0329936 0.535162
0.0392393 0.535143
0.0380297 0.5272
0.032436 0.526717
0.0273179 0.531896
0.0251194 0.539748
0.0299633 0.542532
0.0329602 0.549003
0.029059 0.552525
0.0258548 0.547911
0.0187658 0.544295
0.0152185 0.539188
0.0202256 0.535031
0.0109105 0.518535
0.00768756 0.511959
0.0108204 0.505807
0.00448612 0.499975
0.00907395 0.494288
0.00304314 0.490468
0.0106337 0.485025
0.00442311 0.481965
0.00326813 0.4535
0.0101255 0.453482
0.007321 0.44691
0.00283302 0.44182
0.00870009 0.438373
0.0138707 0.445653
0.0425745 0.423398
0.043469 0.415603
0.0427743 0.409893
0.0112299 0.410819
End
