479 441
0.214032 0.372572
0.22467 0.373109
0.234709 0.363937
0.250153 0.361804
0.248501 0.377314
0.232856 0.385339
0.248958 0.393896
0.260172 0.407532
0.244969 0.413636
0.24285 0.428082
0.243411 0.44232
0.258586 0.44905
0.261688 0.430719
0.277465 0.41739
0.281426 0.395865
0.266237 0.383739
0.269154 0.365063
0.277455 0.346001
0.259244 0.346336
0.244792 0.343186
0.233966 0.349395
0.220233 0.353676
0.225379 0.336748
0.231132 0.319977
0.245383 0.328085
0.265276 0.327203
0.258957 0.310284
0.243721 0.312008
0.239118 0.300887
0.248978 0.292357
0.255287 0.279043
0.265809 0.269577
0.28211 0.268974
0.276504 0.255033
0.290071 0.247213
0.301104 0.236866
0.314092 0.231645
0.327538 0.225263
0.339881 0.230151
0.350675 0.219194
0.36324 0.226427
0.37367 0.215847
0.389956 0.21737
0.381798 0.230852
0.393388 0.246192
0.410199 0.239895
0.39805 0.230045
0.407209 0.220487
0.422203 0.225323
0.43857 0.231701
0.425231 0.240884
0.438005 0.250241
0.449509 0.24177
0.461792 0.246542
0.45615 0.261661
0.474414 0.259205
0.468495 0.276383
0.487353 0.273421
0.500111 0.289637
0.483001 0.292967
0.463561 0.29417
0.447344 0.282506
0.438398 0.267865
0.424105 0.261153
0.410022 0.261382
0.394318 0.268522
0.376609 0.260542
0.373009 0.24237
0.358518 0.250756
0.343936 0.245926
0.332575 0.257458
0.321429 0.247282
0.306641 0.252648
0.298881 0.271234
0.285467 0.286231
0.266226 0.29185
0.279063 0.30516
0.287373 0.32416
0.301165 0.304567
0.321244 0.296453
0.317943 0.272761
0.343877 0.276752
0.368592 0.282987
0.356116 0.317409
0.323182 0.331385
0.301138 0.346426
0.293354 0.371231
0.30941 0.395639
0.339393 0.372104
0.339203 0.416448
0.380791 0.426319
0.399614 0.38066
0.426752 0.416234
0.457159 0.434575
0.471088 0.466204
0.50607 0.468088
0.54471 0.460784
0.529731 0.426191
0.495976 0.426271
0.472512 0.40346
0.4463 0.377688
0.481815 0.374636
0.509244 0.388414
0.539774 0.395146
0.567572 0.421308
0.600952 0.414238
0.619686 0.447896
0.584189 0.465751
0.610792 0.491561
0.640816 0.479246
0.662648 0.454378
0.646625 0.416919
0.680166 0.418727
0.680319 0.383879
0.645413 0.362543
0.62138 0.383971
0.595617 0.363553
0.573524 0.384969
0.551882 0.367056
0.531853 0.360226
0.513036 0.355205
0.494791 0.353327
0.474338 0.343364
0.448468 0.341096
0.412962 0.333059
0.39529 0.297608
0.422321 0.289075
0.439655 0.30858
0.462261 0.31558
0.480877 0.315828
0.497234 0.307875
0.512159 0.309617
0.498057 0.329181
0.518284 0.331163
0.538645 0.332885
0.555876 0.337358
0.571834 0.352615
0.583157 0.331186
0.568538 0.314754
0.549344 0.311699
0.559186 0.292387
0.575079 0.294275
0.590135 0.301896
0.60274 0.317482
0.614902 0.342259
0.630907 0.318533
0.656445 0.315328
0.673846 0.344376
0.694242 0.314772
0.716811 0.291324
0.740547 0.296844
0.759676 0.304907
0.760464 0.329496
0.729865 0.323443
0.712284 0.353343
0.7446 0.35227
0.770402 0.357808
0.790686 0.35234
0.789257 0.334182
0.780797 0.320931
0.780707 0.304269
0.794283 0.292051
0.775894 0.285596
0.757002 0.277526
0.737344 0.271539
0.725458 0.256444
0.704341 0.261326
0.694809 0.280031
0.674664 0.287893
0.653887 0.285147
0.6364 0.288791
0.615648 0.296894
0.604653 0.281288
0.589332 0.279257
0.571177 0.276294
0.583158 0.262767
0.595455 0.25346
0.605452 0.240562
0.615049 0.248835
0.608967 0.264163
0.624913 0.273476
0.628869 0.254973
0.644838 0.260885
0.663304 0.264622
0.681702 0.256913
0.663594 0.245689
0.646742 0.239476
0.631482 0.240382
0.620409 0.232365
0.635468 0.226116
0.650508 0.220144
0.660981 0.22913
0.678319 0.23425
0.671409 0.217057
0.688776 0.217734
0.705681 0.219643
0.69504 0.237889
0.711437 0.243086
0.720553 0.232385
0.727476 0.221805
0.743325 0.233395
0.749552 0.253629
0.763835 0.241904
0.780886 0.252773
0.771958 0.265791
0.792876 0.268793
0.805897 0.281432
0.817133 0.298374
0.799937 0.309699
0.811765 0.318415
0.828607 0.319015
0.830579 0.336999
0.811158 0.334089
0.810956 0.348816
0.825935 0.357207
0.840089 0.348612
0.84344 0.367059
0.829493 0.374633
0.813325 0.377575
0.80457 0.363694
0.789985 0.378291
0.770477 0.386721
0.745195 0.381821
0.71759 0.389725
0.713496 0.422286
0.736626 0.415364
0.755749 0.40954
0.775115 0.413137
0.792683 0.405396
0.806049 0.394533
0.823191 0.397888
0.834964 0.391931
0.847154 0.386368
0.847503 0.407561
0.835768 0.416269
0.818187 0.413298
0.810881 0.42601
0.79602 0.426037
0.781639 0.433951
0.763453 0.435307
0.742703 0.439306
0.743985 0.458786
0.720931 0.45678
0.697285 0.444618
0.690899 0.468666
0.702585 0.485814
0.715426 0.499991
0.725784 0.483153
0.743616 0.475058
0.74763 0.490845
0.766198 0.495752
0.765582 0.478527
0.762926 0.458233
0.779465 0.465734
0.784735 0.451243
0.802236 0.445386
0.820487 0.453425
0.821102 0.438532
0.833508 0.43332
0.847944 0.431708
0.841352 0.450036
0.841537 0.466581
0.829066 0.466796
0.817288 0.472149
0.805512 0.46263
0.794842 0.47142
0.782312 0.482797
0.791529 0.49397
0.781595 0.50645
0.767222 0.511977
0.775811 0.526078
0.789949 0.521184
0.79998 0.510031
0.80929 0.500202
0.805911 0.483812
0.82095 0.487921
0.835408 0.483726
0.829488 0.500197
0.821885 0.51137
0.818981 0.522793
0.815144 0.53565
0.805014 0.525817
0.794139 0.536367
0.80846 0.547712
0.796572 0.551585
0.800741 0.566575
0.789164 0.567348
0.789387 0.582742
0.780146 0.593396
0.766835 0.58655
0.773481 0.576423
0.776042 0.565392
0.763847 0.557975
0.781246 0.553117
0.779999 0.540865
0.764822 0.539602
0.749512 0.54759
0.747539 0.5619
0.73236 0.554854
0.725046 0.571811
0.71408 0.585293
0.710243 0.598779
0.699789 0.608464
0.710507 0.618405
0.723091 0.612968
0.731232 0.62524
0.743158 0.626027
0.748435 0.614166
0.738003 0.605222
0.725923 0.598565
0.734975 0.587731
0.74034 0.57475
0.756022 0.574412
0.752324 0.588412
0.750847 0.601042
0.763889 0.600007
0.774736 0.606596
0.764383 0.615444
0.758762 0.626994
0.750421 0.63792
0.740202 0.644208
0.734756 0.65764
0.72558 0.643625
0.718306 0.633149
0.705063 0.632713
0.692173 0.624427
0.67515 0.62885
0.686364 0.64054
0.699034 0.645797
0.709575 0.653984
0.721502 0.657677
0.72087 0.670951
0.710524 0.683415
0.704027 0.670785
0.694676 0.661748
0.682615 0.65685
0.671052 0.663215
0.667525 0.676094
0.667543 0.689039
0.680968 0.686598
0.68558 0.674013
0.696929 0.685811
0.69462 0.699582
0.681855 0.698595
0.681277 0.711734
0.668865 0.704806
0.656887 0.699018
0.640589 0.698875
0.637791 0.713332
0.65292 0.714009
0.668377 0.719997
0.657789 0.729894
0.645824 0.731285
0.640365 0.743583
0.629125 0.751221
0.622517 0.738806
0.631427 0.727259
0.616015 0.724199
0.60442 0.729931
0.60319 0.74112
0.611907 0.749023
0.619578 0.758622
0.610518 0.765541
0.600427 0.771573
0.599712 0.757944
0.587694 0.757838
0.586154 0.769386
0.591683 0.77922
0.582238 0.783219
0.573343 0.782379
0.568726 0.791993
0.558292 0.798084
0.55045 0.791931
0.54306 0.781519
0.540086 0.770284
0.540573 0.756896
0.552461 0.764701
0.557766 0.779794
0.568978 0.771519
0.575998 0.75902
0.564395 0.759279
0.557371 0.749041
0.547378 0.74019
0.533724 0.735368
0.532176 0.748218
0.520059 0.746638
0.50659 0.746388
0.498152 0.754975
0.496483 0.765872
0.503969 0.775236
0.511505 0.761274
0.52467 0.761152
0.527997 0.774401
0.515885 0.775182
0.514243 0.788431
0.528987 0.78752
0.538476 0.794818
0.545475 0.805202
0.534891 0.809614
0.524933 0.810801
0.524745 0.798863
0.514477 0.804123
0.504338 0.799469
0.501521 0.788761
0.49201 0.793552
0.482335 0.786235
0.492355 0.780334
0.485521 0.769371
0.474486 0.764432
0.473448 0.778619
0.462695 0.773678
0.450718 0.76561
0.461278 0.757819
0.450361 0.750143
0.438204 0.757287
0.42928 0.746994
0.44099 0.74182
0.444993 0.729452
0.455458 0.735029
0.464207 0.724223
0.452451 0.713913
0.462318 0.709356
0.470591 0.702768
0.473395 0.690916
0.488236 0.695807
0.501344 0.705415
0.491969 0.715074
0.478351 0.712679
0.482514 0.725946
0.475017 0.735593
0.464461 0.743324
0.472745 0.751966
0.484172 0.752285
0.490164 0.741836
0.49685 0.732035
0.506188 0.72143
0.512685 0.734826
0.520629 0.726531
0.531869 0.721156
0.52014 0.711487
0.512964 0.69875
0.527054 0.696092
0.541134 0.689256
0.542562 0.672687
0.559682 0.678475
0.574952 0.688418
0.589805 0.67684
0.607217 0.683727
0.596323 0.696868
0.582786 0.704442
0.574692 0.721109
0.564906 0.710038
0.556268 0.698807
0.540237 0.706595
0.545555 0.720547
0.557808 0.726661
0.568117 0.738246
0.579439 0.745873
0.593177 0.745453
0.585375 0.733472
0.58922 0.721541
0.598835 0.71563
0.608857 0.707325
0.623764 0.711565
0.620909 0.696522
0.622399 0.680049
0.635529 0.684048
0.651706 0.684156
0.643741 0.669334
0.657442 0.664657
0.651524 0.650475
0.669056 0.646827
0.659871 0.632439
0.644314 0.632111
0.635327 0.650313
0.62692 0.664347
0.608 0.664072
0.590559 0.653438
0.572251 0.660465
0.550772 0.654424
0.561499 0.633778
0.58074 0.627846
0.602058 0.633622
0.615114 0.647037
0.624643 0.632027
0.629184 0.61466
0.645748 0.609106
0.66179 0.614399
0.674276 0.603091
0.68396 0.612376
0.690891 0.593318
0.691962 0.575754
0.706033 0.570839
0.712507 0.557242
0.719953 0.54007
0.73266 0.531711
0.746581 0.532302
0.757124 0.523008
0.74869 0.508184
0.732777 0.510156
0.714742 0.518503
0.697226 0.525992
0.703496 0.542019
0.688849 0.551243
0.670942 0.557079
0.673767 0.574748
0.665955 0.590252
0.648178 0.589435
0.648527 0.567098
0.627711 0.584988
0.612513 0.598392
0.601711 0.614152
0.583728 0.596762
0.558136 0.601378
0.532527 0.592393
0.508679 0.606816
0.537641 0.624607
0.529669 0.644888
0.510597 0.636568
0.49195 0.624823
0.478473 0.609358
0.463283 0.627855
0.459378 0.648248
0.471287 0.657866
0.484281 0.642012
0.493121 0.658751
0.509566 0.662836
0.527515 0.662589
0.521887 0.679278
0.505489 0.685568
0.492958 0.67801
0.478388 0.674052
0.463884 0.67832
0.451637 0.673071
0.45474 0.693439
0.440906 0.702665
0.438425 0.687615
0.424207 0.693519
0.416177 0.704791
0.426624 0.712395
0.441069 0.716291
0.432911 0.725576
0.425518 0.731923
0.417241 0.742132
0.415256 0.72843
0.402148 0.730181
0.41021 0.71878
0.401629 0.712797
0.389808 0.719564
0.378597 0.71054
0.364366 0.699401
0.373809 0.69949
0.383517 0.697167
0.391492 0.705447
0.404986 0.69868
0.39512 0.690717
0.406831 0.684555
0.417742 0.67959
0.428479 0.673158
0.43859 0.665935
0.443841 0.652868
0.441645 0.636076
0.439777 0.617967
0.417099 0.625615
0.424756 0.64189
0.42035 0.656583
0.408572 0.667195
0.393156 0.674192
0.384996 0.684367
0.375005 0.684578
0.365122 0.687763
0.352747 0.68829
0.354217 0.679021
0.350218 0.667493
0.339705 0.673968
0.339598 0.658987
0.328205 0.659612
0.318532 0.648154
0.308262 0.636952
0.31737 0.630378
0.326643 0.633887
0.332034 0.64478
0.344144 0.643442
0.352056 0.654208
0.361643 0.645748
0.365167 0.659655
0.363796 0.673039
0.375954 0.671449
0.382139 0.660021
0.396032 0.657963
0.404687 0.644257
0.396532 0.62922
0.386192 0.640996
0.375667 0.647275
0.36831 0.633948
0.352978 0.631893
0.338038 0.629404
0.345673 0.617657
0.331177 0.617838
0.320255 0.61687
0.311434 0.609594
0.306387 0.621233
0.297319 0.624134
0.290729 0.611806
0.281292 0.601145
0.292948 0.597077
0.301895 0.602947
0.313682 0.595332
0.325451 0.598896
0.336085 0.604895
0.345935 0.596294
0.355697 0.606551
0.363407 0.617819
0.377814 0.622661
0.389675 0.613862
0.405395 0.608246
0.420917 0.604226
0.434568 0.593455
0.455 0.602224
0.469897 0.585365
0.493457 0.57943
0.516194 0.561766
0.544914 0.548312
0.569801 0.565087
0.598489 0.568463
0.620197 0.557443
0.64125 0.54268
0.664158 0.539359
0.674137 0.521797
0.690065 0.505761
0.669369 0.490643
0.645207 0.513639
0.61224 0.526792
0.580113 0.52214
0.551984 0.499192
0.516947 0.516881
0.480141 0.503473
0.484321 0.539966
0.462978 0.556893
0.446238 0.573599
0.427427 0.567567
0.413495 0.579673
0.399292 0.581451
0.39137 0.59523
0.375834 0.601709
0.363878 0.592133
0.376695 0.578291
0.38877 0.565924
0.381556 0.548326
0.403248 0.552628
0.420672 0.544308
0.440911 0.535801
0.450181 0.51068
0.439452 0.48157
0.425012 0.454873
0.393275 0.462808
0.370077 0.481191
0.353143 0.455693
0.331547 0.477694
0.349129 0.493027
0.333853 0.50757
0.318658 0.50417
0.304158 0.5116
0.291898 0.517422
0.286634 0.529979
0.273969 0.533024
0.263352 0.540766
0.270672 0.549964
0.281498 0.546974
0.276716 0.562639
0.287135 0.563457
0.293439 0.554119
0.301304 0.560722
0.31231 0.562652
0.322322 0.561801
0.332453 0.564979
0.345078 0.564869
0.348979 0.54925
0.33458 0.545803
0.32104 0.544435
0.308186 0.546597
0.293424 0.542524
0.30207 0.53175
0.314993 0.526029
0.329322 0.526731
0.346872 0.532496
0.350213 0.517178
0.365978 0.510534
0.38421 0.505092
0.404098 0.489205
0.417446 0.513018
0.395555 0.527339
0.371394 0.529465
0.363173 0.544242
0.363881 0.561609
0.359149 0.576635
0.346868 0.581978
0.334213 0.583085
0.322582 0.579894
0.311542 0.581174
0.299952 0.585879
0.301815 0.572371
0.288828 0.575853
0.285617 0.588148
0.272847 0.587848
0.27527 0.575963
0.262724 0.572726
0.266709 0.562325
0.257266 0.557353
0.251044 0.546957
0.244153 0.534251
0.255501 0.531003
0.263551 0.521988
0.276936 0.517172
0.271666 0.505096
0.287745 0.50264
0.294294 0.488055
0.31089 0.490784
0.308724 0.471917
0.298079 0.454936
0.322715 0.447422
0.302069 0.424443
0.282251 0.439398
0.275782 0.457851
0.282673 0.473757
0.275829 0.488762
0.262071 0.494815
0.249201 0.499511
0.257936 0.510053
0.247473 0.517325
0.236837 0.51893
0.233068 0.505352
0.238067 0.493552
0.225905 0.492389
0.226255 0.481724
0.235996 0.475982
0.247876 0.482498
0.262365 0.480334
0.260808 0.466196
0.245893 0.465821
0.238957 0.455068
0.227726 0.46258
0.219491 0.469809
0.215276 0.44986
0.22676 0.448492
0.227003 0.435786
0.213952 0.430239
0.213104 0.41264
0.227344 0.419459
0.235039 0.402967
0.223804 0.400651
0.213597 0.392881
End
