479 441
0.373718 0.692464
0.349241 0.667368
0.381865 0.661503
0.401467 0.640223
0.379617 0.626421
0.351593 0.637873
0.335312 0.609505
0.316324 0.633305
0.292759 0.591862
0.334954 0.576547
0.367801 0.596847
0.40059 0.592171
0.41564 0.615774
0.439253 0.597761
0.470435 0.58892
0.449597 0.563152
0.418759 0.560101
0.381896 0.553417
0.42389 0.514587
0.460524 0.526334
0.483517 0.552062
0.496514 0.578945
0.509938 0.602018
0.491922 0.617077
0.467762 0.617596
0.449436 0.630158
0.428143 0.640696
0.4497 0.655508
0.458415 0.677081
0.475561 0.666934
0.479485 0.644012
0.504241 0.641685
0.521556 0.628787
0.542315 0.64434
0.529923 0.660647
0.507968 0.662877
0.492886 0.678129
0.479692 0.702529
0.456621 0.699037
0.444227 0.718149
0.462658 0.731825
0.483891 0.734621
0.501603 0.72258
0.505004 0.698926
0.522015 0.684576
0.538972 0.702278
0.524447 0.716966
0.525488 0.740897
0.504235 0.752844
0.521646 0.774884
0.54279 0.76484
0.549948 0.742712
0.555426 0.722002
0.578943 0.715894
0.594496 0.699618
0.601407 0.67779
0.576396 0.679048
0.562266 0.6976
0.547811 0.678125
0.559758 0.657248
0.579383 0.652445
0.600268 0.655801
0.597952 0.633618
0.577922 0.623922
0.560627 0.627692
0.542645 0.619767
0.534163 0.599061
0.559827 0.595782
0.583387 0.589787
0.594508 0.608624
0.614393 0.61728
0.63319 0.611466
0.614907 0.590564
0.603491 0.569823
0.576345 0.562577
0.597144 0.543228
0.578851 0.528836
0.550842 0.540454
0.549597 0.568165
0.524726 0.574315
0.516253 0.546342
0.526817 0.514082
0.495033 0.512136
0.467918 0.473682
0.510979 0.466958
0.546028 0.483607
0.557364 0.51002
0.585406 0.498531
0.577583 0.468418
0.550604 0.450271
0.528987 0.421005
0.516264 0.381166
0.556437 0.383208
0.568328 0.407289
0.57649 0.432109
0.601374 0.442403
0.626041 0.425641
0.603697 0.412512
0.588851 0.389242
0.59026 0.361792
0.610069 0.338101
0.593126 0.315321
0.576739 0.335001
0.555199 0.356115
0.53607 0.332701
0.561678 0.304747
0.57862 0.28857
0.585597 0.26687
0.604328 0.252893
0.616134 0.275165
0.602246 0.289528
0.61596 0.308607
0.633515 0.321094
0.652376 0.332419
0.656554 0.31255
0.652866 0.291602
0.63378 0.296033
0.636005 0.274058
0.631071 0.255002
0.619978 0.23692
0.638719 0.234956
0.652086 0.226568
0.669519 0.21913
0.674705 0.235041
0.658926 0.250154
0.653704 0.269994
0.673456 0.269624
0.683668 0.251257
0.695767 0.26569
0.708562 0.252033
0.697884 0.235842
0.692309 0.218849
0.716634 0.222267
0.722256 0.238765
0.742359 0.231493
0.735165 0.253953
0.7522 0.249921
0.767358 0.246703
0.78378 0.260105
0.80083 0.278708
0.78314 0.280812
0.783303 0.299876
0.769877 0.310559
0.759035 0.293689
0.767555 0.275002
0.751656 0.270142
0.737482 0.28063
0.723209 0.266173
0.710082 0.279245
0.721496 0.294459
0.738584 0.300975
0.751967 0.314661
0.753906 0.333622
0.732992 0.322976
0.715453 0.313269
0.699523 0.300686
0.689146 0.285037
0.671142 0.292366
0.678892 0.310256
0.695266 0.32203
0.676038 0.331385
0.663439 0.346907
0.676837 0.358433
0.678848 0.377625
0.698414 0.382259
0.698775 0.39977
0.681152 0.402652
0.665258 0.39325
0.651676 0.379169
0.649408 0.361101
0.634569 0.344563
0.623283 0.364104
0.612341 0.384277
0.631216 0.394006
0.646521 0.407462
0.663789 0.418041
0.648681 0.437385
0.629905 0.454985
0.606764 0.46868
0.6132 0.492908
0.611089 0.519512
0.637139 0.511193
0.635865 0.482335
0.654119 0.466778
0.668605 0.453298
0.674525 0.436526
0.686617 0.42297
0.703015 0.416061
0.719245 0.419144
0.733951 0.418484
0.744999 0.427523
0.75084 0.443245
0.733931 0.446468
0.718522 0.443545
0.705201 0.433577
0.694741 0.447111
0.686344 0.464148
0.705201 0.466367
0.723254 0.466982
0.741827 0.467126
0.757773 0.459287
0.775787 0.46281
0.794474 0.462563
0.809352 0.476422
0.816107 0.457867
0.806874 0.440078
0.789268 0.443706
0.770044 0.442497
0.781851 0.426401
0.764105 0.423881
0.75439 0.409563
0.772823 0.400783
0.787232 0.410338
0.802859 0.420699
0.820709 0.415369
0.822504 0.395807
0.806903 0.380448
0.800047 0.398538
0.785497 0.383684
0.767009 0.377757
0.747623 0.377458
0.754486 0.392972
0.735725 0.397145
0.717 0.398038
0.721453 0.379778
0.735267 0.365337
0.716896 0.359714
0.699524 0.363563
0.694366 0.344466
0.711044 0.333904
0.724436 0.342905
0.739631 0.344676
0.752583 0.356124
0.766756 0.358992
0.782651 0.363681
0.799359 0.361349
0.817763 0.359165
0.80921 0.337361
0.790489 0.342407
0.771425 0.343601
0.774743 0.326751
0.794926 0.320984
0.801066 0.302494
0.815679 0.297078
0.821374 0.317366
0.827386 0.336084
0.836926 0.347945
0.841347 0.367425
0.827225 0.37668
0.843618 0.390357
0.84233 0.410605
0.841828 0.430653
0.824668 0.438109
0.838926 0.454951
0.832228 0.476008
0.825404 0.495997
0.816339 0.516689
0.806571 0.538297
0.784501 0.538309
0.761738 0.54177
0.768113 0.562669
0.793748 0.562301
0.781001 0.586838
0.761442 0.586651
0.743241 0.57848
0.74145 0.5599
0.740466 0.541835
0.746283 0.523295
0.751178 0.504662
0.772181 0.498931
0.769241 0.520215
0.791677 0.513731
0.80314 0.495839
0.785867 0.48353
0.764242 0.479093
0.748767 0.486019
0.731572 0.488883
0.713365 0.488181
0.694299 0.488027
0.675019 0.479393
0.658427 0.492008
0.662076 0.513071
0.681285 0.503532
0.693355 0.51931
0.708426 0.508877
0.728779 0.50942
0.722989 0.529741
0.703376 0.536005
0.719762 0.552824
0.701299 0.560587
0.683799 0.575523
0.664486 0.581335
0.658244 0.559507
0.681639 0.55082
0.67825 0.530641
0.658204 0.534352
0.639115 0.539803
0.619591 0.546957
0.6325 0.567633
0.641774 0.587002
0.655981 0.603123
0.677214 0.602055
0.698968 0.604626
0.704275 0.584054
0.722827 0.576853
0.723461 0.601869
0.745374 0.601061
0.763179 0.614681
0.738462 0.622326
0.740531 0.642431
0.717587 0.627602
0.697697 0.62887
0.678095 0.626628
0.664293 0.645945
0.654812 0.623542
0.639906 0.639345
0.619832 0.641447
0.623485 0.664405
0.646639 0.664748
0.670742 0.671743
0.686808 0.654333
0.708297 0.65069
0.722609 0.663326
0.700376 0.67917
0.684639 0.699367
0.665326 0.693916
0.645008 0.692925
0.624007 0.687843
0.614908 0.71085
0.635112 0.718735
0.659391 0.720755
0.63306 0.741339
0.610976 0.754135
0.60107 0.73118
0.576574 0.744448
0.59063 0.76853
0.568094 0.775536
0.549103 0.793918
0.523094 0.801811
0.497053 0.784671
0.478215 0.766175
0.453713 0.75802
0.428212 0.738116
0.398926 0.716689
0.424149 0.705514
0.434123 0.679456
0.414136 0.663663
0.402576 0.687372
End
