479 441
0.228049 0.405147
0.228137 0.388838
0.214518 0.389663
0.218988 0.374211
0.217021 0.360009
0.229293 0.35807
0.224169 0.344035
0.224289 0.332145
0.235787 0.332534
0.244898 0.338951
0.235512 0.347838
0.244877 0.35482
0.256486 0.353384
0.256209 0.341674
0.258246 0.331111
0.250223 0.326145
0.247515 0.315983
0.238677 0.320096
0.229428 0.319574
0.237798 0.306003
0.24528 0.291582
0.249553 0.301263
0.25633 0.308016
0.262359 0.317409
0.275064 0.321447
0.275661 0.30927
0.26688 0.302029
0.259982 0.29195
0.254024 0.280823
0.26155 0.269325
0.270655 0.260181
0.279711 0.260477
0.288542 0.262418
0.296713 0.260787
0.299619 0.252164
0.284614 0.248282
0.295173 0.240966
0.306264 0.241319
0.307061 0.231927
0.317828 0.22993
0.331639 0.233615
0.328371 0.222508
0.339949 0.222859
0.350553 0.218933
0.363115 0.21834
0.374687 0.218087
0.383134 0.222347
0.395858 0.217336
0.399491 0.229016
0.409207 0.239435
0.412915 0.223619
0.426984 0.228653
0.44466 0.235663
0.434985 0.243873
0.423017 0.247512
0.411203 0.257437
0.395461 0.249084
0.388369 0.234699
0.378609 0.241938
0.367879 0.232329
0.35639 0.234636
0.345554 0.232357
0.347381 0.245489
0.333911 0.246114
0.320882 0.243363
0.310096 0.251724
0.318444 0.258209
0.330023 0.260298
0.342126 0.259719
0.355452 0.259414
0.365362 0.248911
0.370127 0.266603
0.380669 0.257736
0.393439 0.266644
0.405601 0.277437
0.41926 0.276253
0.430077 0.269228
0.44102 0.260738
0.455749 0.250596
0.470557 0.25935
0.482082 0.274463
0.475127 0.293647
0.497008 0.294247
0.48845 0.316351
0.469158 0.316644
0.450271 0.313826
0.456652 0.293849
0.457343 0.273941
0.439619 0.283704
0.434453 0.299367
0.411494 0.29596
0.421451 0.312395
0.433867 0.327957
0.4372 0.350321
0.458039 0.336569
0.481172 0.344768
0.457755 0.363305
0.465335 0.388757
0.4388 0.390998
0.411375 0.401604
0.437279 0.427145
0.41147 0.432316
0.385982 0.425859
0.365554 0.412044
0.380737 0.392247
0.394611 0.370177
0.423018 0.371884
0.410533 0.346737
0.403152 0.323713
0.381789 0.342374
0.358014 0.329956
0.339579 0.319037
0.321689 0.312643
0.308856 0.308089
0.30077 0.2965
0.304985 0.284715
0.317915 0.290758
0.330408 0.298831
0.344239 0.294505
0.358775 0.299825
0.37328 0.312598
0.390479 0.305178
0.392202 0.285408
0.376918 0.28404
0.361014 0.279835
0.347973 0.274718
0.335 0.278887
0.323925 0.274517
0.313426 0.272907
0.305379 0.266406
0.297258 0.275923
0.286655 0.276916
0.275919 0.274706
0.266138 0.279888
0.274234 0.290848
0.287573 0.289513
0.28515 0.302524
0.295422 0.310986
0.288789 0.321866
0.282467 0.334967
0.268442 0.331286
0.269875 0.343039
0.270181 0.355753
0.281801 0.350649
0.291925 0.357661
0.302415 0.364768
0.32034 0.36752
0.314049 0.34971
0.297266 0.345159
0.298687 0.33342
0.307769 0.324911
0.322591 0.332715
0.338304 0.349572
0.361088 0.361653
0.350866 0.385872
0.330229 0.38228
0.326407 0.404461
0.34524 0.411743
0.336642 0.429832
0.320306 0.424396
0.303435 0.423181
0.300053 0.438074
0.284555 0.432942
0.281957 0.419181
0.267827 0.412486
0.279643 0.401239
0.292796 0.40725
0.30656 0.405768
0.31073 0.389294
0.300068 0.37897
0.287368 0.387896
0.284014 0.370886
0.272528 0.372029
0.261855 0.365864
0.25167 0.368952
0.240319 0.367603
0.230265 0.372654
0.240421 0.380592
0.252056 0.384585
0.263858 0.381319
0.269084 0.393745
0.25547 0.399697
0.24147 0.394877
0.241958 0.408059
0.251701 0.416105
0.258414 0.425933
0.267553 0.4343
0.275838 0.446466
0.290386 0.45306
0.307099 0.457246
0.319449 0.443997
0.328885 0.463519
0.342485 0.450159
0.359348 0.436553
0.373437 0.455139
0.4008 0.458538
0.377469 0.487832
0.354495 0.473784
0.335598 0.484326
0.331134 0.503038
0.353173 0.510891
0.329545 0.526892
0.308759 0.514927
0.303856 0.537859
0.286448 0.518535
0.273178 0.542867
0.262518 0.519927
0.245763 0.525518
0.239961 0.503942
0.253952 0.497013
0.272159 0.502414
0.291166 0.495565
0.310631 0.495501
0.313262 0.476906
0.294444 0.473946
0.278166 0.465204
0.277759 0.482397
0.263027 0.485191
0.259831 0.471515
0.243131 0.477502
0.229696 0.490461
0.226017 0.472803
0.220764 0.456796
0.236242 0.454033
0.249677 0.459796
0.264318 0.455701
0.25303 0.443051
0.242656 0.435309
0.236866 0.422196
0.228234 0.437864
0.214707 0.43849
0.220622 0.422014
0.213278 0.40936
End
