479 441
0.247213 0.369698
0.260625 0.367025
0.272293 0.358927
0.266839 0.346823
0.258016 0.334919
0.261043 0.320525
0.260357 0.305542
0.276341 0.311532
0.27444 0.294104
0.289155 0.302778
0.302703 0.305479
0.308501 0.318476
0.325545 0.322964
0.348683 0.323798
0.367433 0.33008
0.385507 0.338016
0.405838 0.340013
0.42108 0.335812
0.430463 0.318241
0.439552 0.334695
0.450381 0.347247
0.457993 0.362052
0.473234 0.365647
0.485014 0.377397
0.498447 0.38751
0.508724 0.399427
0.525134 0.397452
0.53386 0.414923
0.548063 0.404755
0.568397 0.404014
0.580044 0.419136
0.565029 0.424394
0.551153 0.428146
0.53879 0.434528
0.521152 0.435194
0.516403 0.417248
0.502349 0.430434
0.491226 0.442188
0.484331 0.459147
0.497653 0.466079
0.507971 0.451719
0.524015 0.455136
0.539258 0.451025
0.554527 0.459559
0.563799 0.445482
0.582432 0.441967
0.596228 0.425987
0.606123 0.441405
0.601849 0.462202
0.584885 0.461049
0.571058 0.467202
0.56054 0.480937
0.546913 0.489564
0.542349 0.469875
0.530509 0.480278
0.516972 0.4719
0.50543 0.482343
0.491157 0.488102
0.478363 0.473973
0.475612 0.49178
0.459004 0.494602
0.460047 0.476641
0.444655 0.478517
0.437273 0.493023
0.44399 0.507492
0.425039 0.506898
0.409391 0.506871
0.397216 0.517252
0.383207 0.518782
0.371491 0.508235
0.35908 0.502681
0.34717 0.503548
0.339127 0.492102
0.325889 0.484847
0.315209 0.496684
0.299562 0.498144
0.304032 0.484391
0.313461 0.472171
0.312656 0.452862
0.32688 0.460123
0.3379 0.471011
0.352464 0.479621
0.367938 0.486245
0.384989 0.495925
0.399334 0.490435
0.415269 0.486911
0.426108 0.475373
0.436696 0.461233
0.423249 0.453952
0.40844 0.465093
0.393853 0.472095
0.37792 0.471455
0.360764 0.462734
0.349212 0.451352
0.336106 0.443607
0.324434 0.434612
0.309947 0.436315
0.300431 0.424398
0.317542 0.41733
0.3291 0.404316
0.345867 0.394062
0.36637 0.39002
0.38496 0.393196
0.397822 0.3868
0.413354 0.386761
0.426075 0.398433
0.410774 0.409056
0.407968 0.425288
0.390523 0.423534
0.37593 0.414229
0.357388 0.409311
0.339793 0.42141
0.355641 0.429671
0.371077 0.43528
0.373605 0.451165
0.389696 0.450505
0.403787 0.443684
0.42204 0.437408
0.432029 0.425164
0.438213 0.409883
0.451086 0.398857
0.465046 0.410268
0.454251 0.423571
0.447744 0.439398
0.449055 0.454976
0.46314 0.46056
0.472153 0.44888
0.471495 0.434544
0.480405 0.421251
0.49681 0.413488
0.484569 0.401528
0.471423 0.391246
0.457768 0.381071
0.436002 0.384461
0.440864 0.36868
0.43165 0.353454
0.417174 0.365818
0.396299 0.361614
0.372356 0.365294
0.353157 0.355158
0.340506 0.37325
0.324416 0.384186
0.311587 0.396069
0.300082 0.406046
0.289084 0.416643
0.279708 0.423332
0.268157 0.426151
0.255731 0.420227
0.24427 0.423671
0.230072 0.421939
0.238401 0.406716
0.251245 0.399594
0.264771 0.405516
0.279016 0.403079
0.286275 0.390268
0.297841 0.385355
0.307693 0.37392
0.319092 0.361737
0.334593 0.344734
0.314586 0.343302
0.30225 0.334354
0.289123 0.325666
0.274284 0.330134
0.283672 0.346305
0.297937 0.352513
0.291469 0.3676
0.278477 0.371576
0.270747 0.384662
0.256973 0.385299
0.239976 0.387113
0.226459 0.391794
0.213556 0.395493
0.218233 0.411269
0.215117 0.430017
0.218935 0.447079
0.220174 0.464845
0.231396 0.469673
0.244391 0.466483
0.250923 0.454246
0.234226 0.452838
0.231927 0.436664
0.24671 0.439317
0.259752 0.441517
0.270601 0.445353
0.283596 0.441892
0.296644 0.442362
0.295677 0.459495
0.29435 0.47473
0.27945 0.472695
0.276134 0.459116
0.261293 0.464308
0.259217 0.478095
0.270513 0.486552
0.28549 0.490523
0.27174 0.502393
0.258123 0.51122
0.253045 0.494012
0.243038 0.482193
0.227345 0.484317
0.233754 0.50026
0.242235 0.512477
0.245393 0.529578
0.26074 0.532756
0.270076 0.522594
0.281174 0.516964
0.289919 0.507809
0.301392 0.516213
0.314751 0.516002
0.327168 0.50837
0.339532 0.515047
0.334971 0.528543
0.324731 0.535845
0.313711 0.540747
0.304089 0.531916
0.290597 0.529868
0.279007 0.538313
0.268693 0.548388
0.253857 0.549182
0.262819 0.564064
0.279722 0.5597
0.291121 0.548823
0.303338 0.55207
0.314637 0.558809
0.314624 0.573826
0.325055 0.581731
0.337047 0.587536
0.339493 0.602764
0.339114 0.61724
0.330997 0.627877
0.320694 0.617247
0.321492 0.601209
0.309745 0.592483
0.30169 0.581758
0.29788 0.566781
0.28648 0.57586
0.271319 0.576226
0.27739 0.590674
0.292364 0.592332
0.287908 0.606193
0.304917 0.608231
0.29799 0.620724
0.308327 0.630406
0.317507 0.63978
0.331761 0.64244
0.326181 0.655493
0.343421 0.653991
0.340119 0.66844
0.351646 0.678639
0.366658 0.677944
0.378032 0.686886
0.362042 0.692088
0.372918 0.702855
0.385728 0.699633
0.386074 0.715673
0.397034 0.713074
0.408222 0.715237
0.402791 0.730638
0.414361 0.728077
0.424578 0.716096
0.432071 0.73035
0.421338 0.742294
0.435668 0.745489
0.440253 0.757879
0.451512 0.747383
0.454192 0.763218
0.466388 0.772857
0.478247 0.782012
0.488342 0.775415
0.494823 0.78695
0.504459 0.796154
0.517595 0.802068
0.531234 0.809753
0.538158 0.799514
0.551314 0.797062
0.5658 0.792708
0.554232 0.77927
0.567298 0.77871
0.579843 0.779247
0.59304 0.776535
0.590064 0.761919
0.604588 0.765144
0.616417 0.755715
0.630411 0.749132
0.636581 0.736755
0.650589 0.734313
0.644399 0.718541
0.663023 0.721355
0.655046 0.704676
0.671673 0.703771
0.680545 0.71188
0.688841 0.694396
0.701061 0.690959
0.712898 0.677636
0.696887 0.672958
0.693705 0.658087
0.67983 0.665101
0.664104 0.668866
0.679622 0.681637
0.669227 0.689161
0.656226 0.686921
0.648614 0.674694
0.636138 0.66675
0.649254 0.655693
0.664933 0.650773
0.679764 0.646114
0.695143 0.643351
0.709288 0.650262
0.715679 0.663509
0.730873 0.660168
0.72684 0.646058
0.74434 0.642631
0.751702 0.626958
0.731602 0.629267
0.715551 0.634263
0.711062 0.619617
0.699342 0.628069
0.685615 0.625521
0.672059 0.629838
0.658912 0.632401
0.646336 0.635783
0.633556 0.640807
0.626926 0.653797
0.620097 0.669533
0.6089 0.660543
0.6113 0.643787
0.620549 0.63151
0.602886 0.628
0.598179 0.613234
0.58583 0.606229
0.575097 0.597689
0.562049 0.591277
0.555141 0.602438
0.542487 0.612576
0.529514 0.615377
0.517181 0.620698
0.50395 0.608419
0.519949 0.600228
0.534704 0.59559
0.545882 0.584061
0.533341 0.574102
0.51928 0.578362
0.508602 0.590468
0.499942 0.579517
0.487369 0.581184
0.475421 0.573324
0.462679 0.568036
0.449472 0.555814
0.446877 0.570564
0.438573 0.583261
0.456671 0.585085
0.453493 0.599917
0.469558 0.603276
0.474767 0.590508
0.492947 0.596317
0.486579 0.608971
0.475555 0.618292
0.475993 0.633476
0.490569 0.627324
0.503334 0.625824
0.509991 0.639241
0.524755 0.638796
0.536093 0.631535
0.54946 0.633389
0.556304 0.618419
0.571188 0.617646
0.583417 0.6268
0.588027 0.640428
0.597349 0.65088
0.584038 0.657997
0.592954 0.670589
0.604787 0.678778
0.601395 0.693
0.588793 0.698916
0.581648 0.686035
0.575377 0.674017
0.570022 0.660479
0.572151 0.645695
0.564322 0.634617
0.555724 0.651463
0.541603 0.650625
0.530345 0.656462
0.517437 0.655853
0.503639 0.654293
0.492737 0.646599
0.479646 0.647895
0.475667 0.662424
0.489849 0.667225
0.502778 0.670616
0.515564 0.672989
0.527929 0.671812
0.542156 0.671929
0.555703 0.666605
0.560218 0.679432
0.562178 0.693004
0.573229 0.702299
0.56102 0.71157
0.55231 0.723429
0.536314 0.724768
0.537623 0.71141
0.546429 0.703072
0.545415 0.688768
0.530315 0.685299
0.526371 0.697101
0.522226 0.710974
0.519715 0.724096
0.507229 0.732992
0.493057 0.729662
0.480989 0.737349
0.488504 0.747896
0.501053 0.750314
0.512724 0.747617
0.522502 0.73864
0.534231 0.738815
0.546511 0.739652
0.557025 0.742236
0.567112 0.731157
0.579587 0.731263
0.580023 0.715747
0.595835 0.714585
0.607475 0.707344
0.617887 0.695113
0.622906 0.683275
0.636622 0.684842
0.640665 0.697877
0.632011 0.707868
0.620181 0.711217
0.627044 0.725137
0.615845 0.737761
0.609548 0.723929
0.594102 0.73122
0.601276 0.745895
0.583781 0.746951
0.574629 0.761659
0.565199 0.750807
0.55859 0.764718
0.545681 0.761724
0.535158 0.753305
0.520863 0.757839
0.528585 0.770353
0.540619 0.781129
0.525927 0.787996
0.512909 0.781333
0.509105 0.767921
0.497055 0.765169
0.482105 0.761978
0.469001 0.757589
0.469928 0.744023
0.460614 0.734862
0.448131 0.731244
0.443485 0.718037
0.440178 0.705873
0.428526 0.697403
0.414659 0.700181
0.400756 0.697865
0.393752 0.685684
0.386774 0.673307
0.383983 0.658039
0.372999 0.663827
0.3596 0.661928
0.359244 0.648366
0.345423 0.636142
0.359144 0.633206
0.37355 0.640045
0.386654 0.637011
0.391937 0.649242
0.402532 0.650412
0.403368 0.664866
0.404952 0.678616
0.41556 0.684886
0.420541 0.668348
0.431139 0.679539
0.442314 0.687774
0.454642 0.693872
0.464012 0.70529
0.458555 0.716903
0.474245 0.725034
0.479089 0.711007
0.493059 0.712226
0.505291 0.71608
0.509904 0.701185
0.509021 0.687394
0.492796 0.684019
0.491 0.697742
0.472856 0.69396
0.477696 0.679946
0.463766 0.674845
0.449977 0.673883
0.440357 0.661771
0.429414 0.654406
0.414494 0.649995
0.424137 0.639252
0.435417 0.628392
0.444487 0.641614
0.455221 0.65692
0.464797 0.647387
0.4583 0.631524
0.458794 0.616554
0.443927 0.614068
0.427923 0.611585
0.435184 0.597784
0.418155 0.593148
0.422254 0.578302
0.43038 0.565463
0.431183 0.550038
0.413655 0.549569
0.410258 0.564572
0.403879 0.578251
0.400946 0.59276
0.395234 0.606726
0.410734 0.609014
0.417987 0.623587
0.405607 0.632644
0.394461 0.623663
0.382052 0.617248
0.367899 0.619622
0.353116 0.616216
0.359808 0.601435
0.350996 0.589142
0.366169 0.585959
0.375941 0.60194
0.385881 0.587849
0.375444 0.575303
0.389605 0.57028
0.394475 0.556565
0.378441 0.556857
0.363886 0.547556
0.363387 0.5639
0.351934 0.571186
0.337945 0.568707
0.327253 0.556824
0.341833 0.550489
0.350572 0.538377
0.354782 0.522105
0.369399 0.530233
0.384347 0.538743
0.399877 0.539212
0.413244 0.52718
0.426872 0.533473
0.438785 0.522242
0.445693 0.538502
0.461018 0.543329
0.470549 0.551877
0.48275 0.553449
0.491549 0.562503
0.505043 0.56592
0.515343 0.556718
0.500199 0.54696
0.493621 0.529561
0.478811 0.533542
0.461089 0.527013
0.458166 0.512281
0.474409 0.511458
0.48963 0.510759
0.502893 0.501656
0.518121 0.496836
0.53278 0.50109
0.547554 0.509041
0.561155 0.502919
0.568747 0.516306
0.576779 0.528684
0.594241 0.531745
0.595558 0.516214
0.584349 0.504767
0.574738 0.490636
0.589265 0.481253
0.604399 0.488064
0.607761 0.504692
0.624331 0.510243
0.616761 0.525862
0.607109 0.539937
0.626684 0.543935
0.632701 0.558976
0.650884 0.555293
0.667794 0.557964
0.681448 0.566803
0.692953 0.577543
0.682111 0.58986
0.666637 0.590939
0.661626 0.575195
0.644264 0.572621
0.648416 0.590622
0.633286 0.598885
0.628314 0.578136
0.610491 0.5728
0.61194 0.556259
0.594293 0.558657
0.583898 0.545919
0.573381 0.561275
0.567398 0.543526
0.554378 0.548915
0.555491 0.529529
0.540665 0.522776
0.525665 0.519432
0.509469 0.517135
0.509845 0.534572
0.523104 0.538615
0.538425 0.540199
0.528871 0.556988
0.542801 0.558113
0.553778 0.566507
0.562352 0.577393
0.577785 0.578709
0.591989 0.577565
0.598618 0.592503
0.616673 0.590614
0.612339 0.606353
0.622741 0.616124
0.637945 0.619787
0.650562 0.610602
0.664544 0.61036
0.679435 0.608855
0.69482 0.605322
0.709004 0.602615
0.704403 0.585029
0.718444 0.582243
0.726376 0.594681
0.722549 0.610701
0.736748 0.61229
0.752471 0.605613
0.765217 0.614391
0.77406 0.599444
0.775446 0.584186
0.789511 0.578903
0.79731 0.558664
0.807602 0.541572
0.786794 0.540341
0.778225 0.521731
0.76369 0.511721
0.756467 0.492441
0.745804 0.470519
0.76876 0.469946
0.790042 0.472004
0.784947 0.497526
0.800045 0.517519
0.818068 0.520286
0.825654 0.49724
0.808957 0.486104
0.811309 0.4579
0.833961 0.471187
0.836582 0.444335
0.845587 0.418233
0.827296 0.412533
0.809933 0.431115
0.801337 0.407492
0.782178 0.391283
0.765114 0.373262
0.769398 0.346003
0.801927 0.338476
0.801065 0.364043
0.814535 0.385217
0.840364 0.386416
0.833203 0.358157
0.826484 0.330848
0.816396 0.304491
0.7968 0.305559
0.781107 0.31867
0.754541 0.314579
0.729741 0.334835
0.734554 0.368149
0.700608 0.369524
0.674961 0.391268
0.648566 0.37217
0.623451 0.387494
0.643972 0.40891
0.665308 0.423879
0.691178 0.422768
0.718534 0.410027
0.74741 0.403522
0.77522 0.419715
0.786076 0.444438
0.756373 0.439969
0.732942 0.443183
0.708023 0.443462
0.718078 0.46519
0.723815 0.483265
0.732253 0.498905
0.744341 0.512541
0.728657 0.521492
0.716968 0.536396
0.724623 0.548574
0.741319 0.541561
0.752519 0.52914
0.765664 0.542159
0.77575 0.561807
0.754169 0.560435
0.759156 0.58027
0.743268 0.591001
0.735512 0.57533
0.736683 0.560029
0.716642 0.564786
0.701071 0.558847
0.698868 0.539724
0.682942 0.545901
0.665805 0.538076
0.650733 0.535875
0.636568 0.530024
0.642413 0.513135
0.653056 0.500053
0.654378 0.482347
0.674144 0.483124
0.679239 0.501201
0.663807 0.515165
0.67945 0.525265
0.693513 0.516923
0.708296 0.522756
0.713311 0.504638
0.698614 0.495797
0.697805 0.477551
0.688303 0.456371
0.668863 0.463016
0.661174 0.44507
0.643626 0.454398
0.640101 0.472381
0.629743 0.491523
0.618204 0.474708
0.622227 0.45464
0.634871 0.435827
0.620893 0.422158
0.610824 0.406032
0.592203 0.404105
0.593352 0.384457
0.602812 0.369256
0.618249 0.35463
0.636142 0.33756
0.666131 0.335156
0.694829 0.320359
0.724789 0.30088
0.742574 0.275116
0.768735 0.286345
0.794592 0.276822
0.769649 0.254272
0.743889 0.237549
0.721942 0.252246
0.706748 0.277209
0.680484 0.281031
0.655121 0.297527
0.637608 0.274256
0.662763 0.257719
0.692114 0.24574
0.713248 0.224622
0.683465 0.220252
0.664858 0.230452
0.64354 0.225845
0.637804 0.245887
0.616052 0.238993
0.617608 0.262364
0.596563 0.254081
0.578229 0.268027
0.597735 0.276725
0.613868 0.291169
0.625481 0.313627
0.601944 0.318039
0.59632 0.340833
0.583081 0.35795
0.572298 0.338509
0.579936 0.318784
0.585799 0.300108
0.578187 0.284792
0.561425 0.290178
0.561217 0.308113
0.545123 0.316938
0.558735 0.328096
0.546487 0.339027
0.527153 0.339186
0.516758 0.324543
0.503006 0.318906
0.506929 0.303671
0.488467 0.30629
0.49753 0.288756
0.485849 0.279711
0.479585 0.264052
0.468176 0.272941
0.452702 0.27731
0.460538 0.290005
0.476225 0.294334
0.463002 0.305308
0.471014 0.316197
0.480694 0.325058
0.492095 0.329535
0.502159 0.339668
0.511597 0.351602
0.525775 0.360437
0.540023 0.355889
0.557231 0.35735
0.569064 0.368317
0.575572 0.386643
0.557057 0.387097
0.545022 0.376278
0.532044 0.382883
0.516326 0.376315
0.502811 0.369438
0.492515 0.357485
0.481925 0.346435
0.468458 0.343067
0.460358 0.330408
0.450028 0.318646
0.445793 0.302045
0.439646 0.287944
0.43465 0.273644
0.426444 0.262015
0.444498 0.262199
0.456542 0.258738
0.465251 0.25027
0.448204 0.238017
0.438677 0.245816
0.425336 0.245103
0.427505 0.22722
0.414047 0.230347
0.398761 0.219328
0.383412 0.219099
0.374559 0.231123
0.366557 0.218459
0.354794 0.22784
0.341837 0.220398
0.335515 0.23137
0.317315 0.228718
0.325669 0.241191
0.336032 0.248995
0.348146 0.250227
0.360763 0.245881
0.374321 0.247277
0.38789 0.238828
0.400913 0.236283
0.411674 0.25362
0.397332 0.258094
0.384554 0.259988
0.370527 0.268605
0.385014 0.28178
0.403549 0.289155
0.40747 0.272301
0.421846 0.283715
0.427638 0.302107
0.411678 0.304327
0.402773 0.319194
0.386135 0.306146
0.365703 0.301836
0.358708 0.283291
0.352671 0.266739
0.334635 0.265731
0.327266 0.280262
0.343268 0.289347
0.339964 0.307092
0.324261 0.299703
0.311744 0.292841
0.298217 0.285609
0.282919 0.278505
0.296473 0.266533
0.311084 0.272729
0.317945 0.259531
0.312986 0.247817
0.303519 0.239008
0.293281 0.246645
0.282693 0.256278
0.268818 0.264925
0.265217 0.280706
0.252231 0.284079
0.248635 0.299116
0.237471 0.309771
0.244656 0.323735
0.228785 0.328228
0.241011 0.33994
0.251196 0.35127
0.235759 0.355924
0.224031 0.344734
0.21997 0.360751
0.216566 0.377044
0.232169 0.372011
End
