1280 1014
0.00373732 0.517866
0.00457116 0.502155
0.00428488 0.488295
0.00546642 0.473768
0.00474659 0.459172
0.0051046 0.444501
0.00501665 0.431146
0.00513327 0.419038
0.00452394 0.406418
0.00481092 0.393985
0.00652032 0.37984
0.00644794 0.364609
0.00473548 0.34857
0.00215467 0.328652
0.00963493 0.30396
0.00350927 0.275409
0.0407666 0.323273
0.0363841 0.370934
0.0858303 0.397707
0.0518742 0.437992
0.0417308 0.449118
0.0370943 0.465224
0.0537031 0.460644
0.106134 0.48006
0.113712 0.470496
0.110461 0.459311
0.119786 0.443162
0.131177 0.445446
0.140799 0.437661
0.147625 0.449941
0.159526 0.449358
0.1624 0.463385
0.174674 0.467186
0.166287 0.478446
0.17595 0.479628
0.171462 0.493753
0.156511 0.499154
0.147473 0.497437
0.13741 0.494357
0.128576 0.490313
0.133248 0.480145
0.14162 0.478601
0.15068 0.485408
0.151902 0.472971
0.1477 0.463388
0.140069 0.468115
0.135088 0.462741
0.125828 0.457714
0.12522 0.470306
0.12083 0.480569
0.119109 0.492626
0.110109 0.496703
0.116073 0.506633
0.122353 0.514501
0.1252 0.504729
0.135151 0.509478
0.14192 0.508767
0.156149 0.512133
0.163304 0.517144
0.174259 0.507768
0.189433 0.507634
0.190202 0.49152
0.203267 0.48765
0.200029 0.474389
0.208022 0.467681
0.219397 0.461542
0.217988 0.477936
0.216872 0.493147
0.204347 0.502028
0.205219 0.517282
0.219425 0.510712
0.21811 0.529007
0.203122 0.531938
0.210526 0.55358
0.21611 0.572459
0.20105 0.580922
0.187233 0.574176
0.178179 0.574909
0.176176 0.563913
0.171437 0.553283
0.185416 0.54844
0.169566 0.541095
0.165597 0.530172
0.156583 0.525243
0.152026 0.535781
0.157595 0.543204
0.148167 0.551546
0.159536 0.558879
0.162414 0.570319
0.147121 0.581161
0.165987 0.582541
0.167843 0.596221
0.182699 0.596388
0.18226 0.585144
0.190001 0.591291
0.19664 0.600437
0.190933 0.605574
0.181992 0.607587
0.180478 0.620593
0.165796 0.614507
0.149973 0.616884
0.165648 0.632758
0.149962 0.64192
0.16426 0.653271
0.178201 0.641714
0.187278 0.632918
0.196327 0.635671
0.193774 0.625799
0.193781 0.615923
0.203384 0.613948
0.213359 0.600057
0.22844 0.603244
0.238699 0.613414
0.248395 0.6107
0.246893 0.599661
0.249177 0.586438
0.233038 0.587507
0.23382 0.572588
0.244011 0.565191
0.236048 0.555762
0.240904 0.540538
0.237018 0.517243
0.23541 0.502585
0.231894 0.4921
0.241133 0.486816
0.234169 0.481014
0.235245 0.469131
0.233855 0.45804
0.237128 0.444081
0.23527 0.431105
0.219928 0.441881
0.209627 0.449405
0.198671 0.447143
0.191438 0.44812
0.199299 0.460074
0.189504 0.465111
0.176478 0.452831
0.176822 0.438041
0.163468 0.429798
0.177976 0.422351
0.193533 0.421698
0.194459 0.434552
0.208003 0.432965
0.216357 0.42323
0.204512 0.416589
0.214638 0.404738
0.216724 0.38552
0.277064 0.384498
0.322694 0.35473
0.343684 0.352964
0.329672 0.341886
0.316864 0.33763
0.303727 0.330361
0.319634 0.320195
0.314054 0.308325
0.32974 0.306244
0.330207 0.320961
0.326723 0.330351
0.341553 0.332438
0.343183 0.315933
0.392706 0.30252
0.449401 0.314041
0.555136 0.272805
0.48934 0.203634
0.457826 0.21052
0.466584 0.147865
0.439093 0.188717
0.425414 0.188736
0.413777 0.195472
0.379968 0.191615
0.403598 0.208917
0.395203 0.228501
0.365275 0.237814
0.310723 0.252928
0.286119 0.280375
0.258321 0.203719
0.260313 0.192108
0.252577 0.195266
0.24358 0.20339
0.238734 0.2114
0.233883 0.205126
0.226478 0.203454
0.219102 0.205223
0.219906 0.196469
0.212154 0.199281
0.212401 0.191534
0.205747 0.182582
0.213381 0.183086
0.21916 0.184
0.216659 0.173656
0.217694 0.165946
0.226531 0.16068
0.234228 0.162242
0.24072 0.162085
0.24484 0.16687
0.25107 0.164233
0.250039 0.174092
0.243864 0.174608
0.23882 0.177827
0.233094 0.177486
0.237328 0.170197
0.229918 0.168503
0.226664 0.17485
0.226513 0.182092
0.232058 0.186547
0.226065 0.190556
0.230802 0.196085
0.237186 0.192436
0.238996 0.185022
0.244823 0.189887
0.246236 0.182136
0.253066 0.183921
0.262868 0.181992
0.257764 0.172245
0.263076 0.165571
0.257671 0.159593
0.261942 0.150828
0.250155 0.149515
0.239039 0.14791
0.2443 0.138298
0.236838 0.137789
0.224861 0.136603
0.231781 0.147593
0.223521 0.149074
0.21344 0.153295
0.205735 0.164106
0.188605 0.15862
0.1868 0.177681
0.187025 0.195881
0.189592 0.218262
0.190718 0.232197
0.1862 0.259862
0.20192 0.265596
0.208839 0.280799
0.194895 0.283805
0.196896 0.300536
0.211027 0.30095
0.223384 0.306721
0.210595 0.324307
0.194229 0.32427
0.183802 0.318961
0.179432 0.34067
0.190786 0.342571
0.210833 0.344252
0.216564 0.363474
0.203099 0.361381
0.190494 0.357581
0.179807 0.356022
0.179948 0.373945
0.192026 0.369749
0.193708 0.381385
0.195002 0.39508
0.188699 0.406862
0.178205 0.390901
0.166281 0.406733
0.158772 0.390219
0.152805 0.368291
0.14153 0.336925
0.13209 0.289284
0.0933697 0.266029
0.0682396 0.286681
0.0525925 0.264904
0.0746 0.253107
0.0536022 0.236069
0.0399629 0.221483
0.0301222 0.202388
0.0164986 0.179374
0.00915414 0.133083
0.0786987 0.0592931
0.0911781 0.0543963
0.0982916 0.0511769
0.0928604 0.0440757
0.0819816 0.0362982
0.0824823 0.00826616
0.0899587 0.0304817
0.0958827 0.0314276
0.101851 0.0280282
0.10772 0.0242281
0.114727 0.029151
0.121235 0.0193526
0.129957 0.0303752
0.123165 0.0398052
0.11654 0.0369162
0.107557 0.0367979
0.0997429 0.0396822
0.10474 0.0462982
0.111253 0.0464525
0.11938 0.048444
0.135277 0.0504611
0.121179 0.0577692
0.113276 0.0566696
0.105507 0.0549917
0.0981871 0.0616157
0.102331 0.0736222
0.107206 0.0636511
0.117417 0.0674557
0.128818 0.0762257
0.187999 0.110528
0.186621 0.123781
0.186627 0.140501
0.197816 0.141871
0.199591 0.128028
0.201081 0.113155
0.201083 0.0979154
0.189644 0.0985597
0.19301 0.086863
0.195998 0.0742959
0.22731 0.0393361
0.233106 0.0409486
0.232042 0.0338098
0.227731 0.0305404
0.236845 0.0306088
0.2392 0.0392128
0.324952 0.049752
0.332474 0.0307901
0.324341 0.022053
0.346062 0.0109706
0.371673 0.0146674
0.359744 0.0316534
0.350046 0.0407658
0.345489 0.0346209
0.341768 0.0407186
0.347041 0.047816
0.340357 0.0495843
0.341609 0.0733461
0.357145 0.0555475
0.398974 0.0488503
0.404288 0.0599698
0.40809 0.0663718
0.413486 0.0692966
0.407059 0.0750087
0.39663 0.0701815
0.401052 0.0825529
0.412591 0.0847034
0.416324 0.0784253
0.426929 0.077018
0.420355 0.0677329
0.426511 0.057662
0.41518 0.0561863
0.414189 0.0425369
0.455207 0.00790781
0.484025 0.0128109
0.525436 0.00354711
0.637354 0.000973573
0.615104 0.0533856
0.60162 0.0654814
0.607823 0.0711477
0.603236 0.0783029
0.596571 0.0754773
0.591008 0.0658257
0.583353 0.0763749
0.589412 0.0850025
0.597879 0.0852039
0.60461 0.0900128
0.610547 0.0860732
0.615671 0.0783934
0.621586 0.0737208
0.628246 0.0685002
0.640729 0.0735872
0.647112 0.0848302
0.630244 0.0840624
0.625116 0.0928868
0.617375 0.087744
0.612677 0.0953186
0.619348 0.100595
0.613478 0.109015
0.603179 0.102724
0.597041 0.0954641
0.582058 0.0973703
0.588262 0.112706
0.606619 0.119174
0.61541 0.136174
0.628518 0.113154
0.635775 0.0990082
0.654011 0.107324
0.643412 0.120729
0.690412 0.190928
0.677997 0.205661
0.690238 0.207565
0.685496 0.220637
0.670522 0.223034
0.681932 0.237911
0.672789 0.24586
0.680724 0.257942
0.696904 0.262816
0.701047 0.247247
0.700962 0.23775
0.697099 0.229695
0.702469 0.2196
0.715076 0.207122
0.730799 0.216893
0.719608 0.229195
0.707915 0.230719
0.710625 0.241671
0.732083 0.250316
0.800981 0.21095
0.814704 0.207123
0.811539 0.193001
0.804457 0.178028
0.809855 0.163774
0.807056 0.147329
0.816115 0.137077
0.800084 0.11714
0.818565 0.121883
0.824377 0.110643
0.834403 0.0989326
0.822388 0.0843951
0.834897 0.0806343
0.845864 0.0929622
0.853314 0.0835653
0.865211 0.0794403
0.875405 0.0824547
0.883356 0.0766092
0.891404 0.0810736
0.899349 0.0871564
0.907076 0.0811653
0.915705 0.0857948
0.924167 0.0838883
0.933811 0.0864338
0.946094 0.0873496
0.954078 0.0973751
0.965372 0.0932425
0.956189 0.083038
0.961839 0.073535
0.949998 0.0636557
0.944282 0.0743448
0.937169 0.0674419
0.926217 0.072161
0.916457 0.0733731
0.908138 0.0712331
0.898164 0.0734773
0.901753 0.060953
0.892084 0.0580509
0.883726 0.0643799
0.873275 0.06561
0.853482 0.0623479
0.790519 0.00148884
0.876711 0.0329272
0.905935 0.0434344
0.913242 0.0588256
0.927055 0.0599589
0.926322 0.0448942
0.947693 0.0477403
0.993136 0.00501692
0.994637 0.0179385
0.995966 0.0305757
0.995825 0.0435111
0.995303 0.0553752
0.994459 0.0688922
0.980879 0.0790637
0.988144 0.0838678
0.996066 0.0810407
0.995637 0.0950497
0.996591 0.11039
0.986634 0.111782
0.977729 0.0995135
0.966426 0.110473
0.959568 0.121082
0.952819 0.111112
0.943538 0.107785
0.94155 0.0969774
0.932566 0.0992923
0.924543 0.0951044
0.91594 0.0974895
0.907554 0.0917629
0.906194 0.100861
0.897799 0.0988222
0.888972 0.10145
0.891547 0.0917927
0.883921 0.0898133
0.87759 0.0955215
0.867525 0.0918895
0.858221 0.0974336
0.864763 0.103868
0.872684 0.104185
0.882252 0.106541
0.882306 0.116191
0.874416 0.115361
0.865199 0.114116
0.864956 0.124167
0.855982 0.118813
0.856567 0.108702
0.848652 0.105778
0.843065 0.115356
0.833907 0.118876
0.838809 0.127826
0.828129 0.131921
0.835808 0.140646
0.843479 0.147304
0.852142 0.152249
0.85691 0.159984
0.863412 0.158521
0.861483 0.151454
0.868409 0.153161
0.867345 0.144982
0.860058 0.143381
0.852432 0.141356
0.845757 0.136503
0.850371 0.126941
0.857718 0.131482
0.864958 0.135983
0.872429 0.139435
0.879574 0.142494
0.873968 0.147559
0.879501 0.151064
0.874351 0.15639
0.880175 0.159542
0.885893 0.155604
0.885639 0.148176
0.888977 0.142772
0.893557 0.150962
0.901635 0.150165
0.908202 0.145629
0.917103 0.148583
0.919178 0.138587
0.911802 0.136779
0.903973 0.136466
0.898112 0.142294
0.892007 0.136744
0.896076 0.131773
0.900156 0.126465
0.908535 0.127573
0.918308 0.127578
0.926397 0.131976
0.930232 0.123391
0.922858 0.11664
0.916506 0.116523
0.91105 0.119365
0.904467 0.120533
0.897291 0.118567
0.892891 0.124544
0.888223 0.130304
0.884243 0.136443
0.877832 0.133952
0.870896 0.131385
0.875058 0.125082
0.881505 0.126902
0.886367 0.122582
0.890374 0.116243
0.894795 0.110627
0.901147 0.112325
0.906689 0.111882
0.911866 0.109132
0.917534 0.10827
0.923315 0.107913
0.929288 0.111928
0.93661 0.115078
0.942877 0.119631
0.937779 0.129464
0.947554 0.13297
0.955027 0.144142
0.947844 0.152923
0.942787 0.14271
0.93363 0.138498
0.926445 0.145135
0.934862 0.149811
0.927487 0.156703
0.938066 0.159829
0.932011 0.1669
0.940309 0.171458
0.934258 0.178
0.925791 0.17543
0.917563 0.174957
0.909328 0.178153
0.900419 0.178432
0.892168 0.177619
0.88555 0.179424
0.879178 0.182937
0.873354 0.179536
0.867148 0.183239
0.872983 0.186948
0.879031 0.190134
0.884457 0.187782
0.890024 0.185398
0.896133 0.187621
0.90428 0.187474
0.912641 0.188922
0.907978 0.197071
0.914831 0.199205
0.922449 0.20187
0.930389 0.204917
0.936325 0.199053
0.928587 0.195657
0.921483 0.192262
0.919269 0.183298
0.926961 0.185385
0.934992 0.18888
0.941427 0.183502
0.943622 0.193367
0.949549 0.188765
0.957133 0.189493
0.957096 0.197214
0.950188 0.199728
0.943984 0.202966
0.943081 0.210464
0.949443 0.208849
0.955408 0.205683
0.965157 0.204405
0.973549 0.19923
0.979335 0.188541
0.967376 0.187082
0.957368 0.181195
0.949531 0.175689
0.947569 0.164554
0.955993 0.167373
0.963723 0.169395
0.975911 0.174529
0.976617 0.160751
0.962266 0.15479
0.972699 0.147977
0.966294 0.136589
0.978793 0.129157
0.995467 0.124799
0.995903 0.140829
0.993556 0.153754
0.993886 0.165824
0.994369 0.177369
0.994328 0.189358
0.994115 0.200935
0.996281 0.213117
0.982406 0.211136
0.973631 0.221265
0.96323 0.227191
0.955675 0.23868
0.944146 0.234036
0.938851 0.233861
0.935017 0.238764
0.928871 0.242147
0.922076 0.243387
0.916132 0.242132
0.910365 0.247314
0.904464 0.24349
0.899447 0.24027
0.894603 0.244092
0.889605 0.238675
0.884385 0.235294
0.879596 0.231468
0.873866 0.228009
0.865889 0.230867
0.855482 0.230601
0.845769 0.228735
0.839078 0.222579
0.836745 0.212295
0.845048 0.215009
0.852297 0.220378
0.861645 0.222461
0.870513 0.221245
0.875978 0.220835
0.880206 0.224254
0.88529 0.227581
0.891624 0.224515
0.890109 0.231006
0.894425 0.235728
0.897991 0.231123
0.897688 0.22475
0.903706 0.22698
0.909421 0.229607
0.90401 0.23459
0.909838 0.23829
0.915291 0.234588
0.922423 0.2362
0.928858 0.235326
0.932773 0.23025
0.936981 0.225233
0.94311 0.225422
0.948413 0.228661
0.951777 0.22231
0.954858 0.214403
0.947457 0.217395
0.941274 0.217959
0.935065 0.217792
0.936922 0.210635
0.930354 0.21328
0.924703 0.210606
0.920127 0.215438
0.919802 0.222333
0.925574 0.21932
0.930577 0.222716
0.925924 0.228176
0.920313 0.229684
0.915145 0.227224
0.91291 0.221526
0.907362 0.221524
0.901624 0.219314
0.895715 0.218323
0.890262 0.217181
0.885312 0.220186
0.880193 0.215895
0.884628 0.211705
0.890239 0.210673
0.896057 0.210956
0.901671 0.212251
0.907555 0.214457
0.914163 0.215026
0.917425 0.208656
0.91071 0.208323
0.904998 0.205506
0.899395 0.203713
0.900711 0.196196
0.894874 0.196674
0.889661 0.192692
0.883603 0.196464
0.889202 0.199349
0.893198 0.204184
0.886857 0.204804
0.881568 0.204057
0.877732 0.209066
0.873916 0.214155
0.867697 0.214027
0.858929 0.213185
0.851422 0.207903
0.842982 0.202618
0.85128 0.196283
0.844439 0.189703
0.848601 0.181427
0.855115 0.186456
0.859087 0.193811
0.86362 0.198249
0.858373 0.202806
0.86447 0.206493
0.871192 0.207254
0.869484 0.200106
0.875335 0.202151
0.877883 0.196941
0.872859 0.193902
0.867076 0.19167
0.861867 0.187439
0.860246 0.180428
0.854635 0.176546
0.861372 0.173266
0.867501 0.1761
0.873628 0.171791
0.879248 0.175742
0.885282 0.171843
0.891388 0.169175
0.898056 0.169499
0.905916 0.167587
0.913682 0.166497
0.922352 0.166073
0.917977 0.157713
0.909033 0.156414
0.900109 0.159231
0.893123 0.16058
0.885553 0.163635
0.879862 0.167748
0.874432 0.164542
0.869068 0.16166
0.867786 0.168925
0.861988 0.165816
0.855449 0.16839
0.848909 0.163952
0.842798 0.158007
0.834581 0.153467
0.825585 0.145251
0.820086 0.156386
0.828677 0.162165
0.836278 0.167123
0.844981 0.172725
0.837485 0.180094
0.829465 0.174854
0.821013 0.17109
0.821266 0.183282
0.829284 0.186349
0.835302 0.192499
0.824643 0.196747
0.833819 0.202043
0.826918 0.208665
0.8212 0.222722
0.830183 0.232192
0.816149 0.246781
0.838277 0.2442
0.847757 0.24024
0.857172 0.24058
0.865262 0.23951
0.874026 0.239206
0.880536 0.246857
0.889139 0.250024
0.89923 0.252583
0.9086 0.25797
0.917981 0.25376
0.927162 0.252597
0.935712 0.248786
0.943996 0.244923
0.95308 0.252774
0.944846 0.259715
0.935257 0.261737
0.937945 0.274419
0.925697 0.273349
0.925382 0.262908
0.916115 0.266661
0.912901 0.278825
0.906323 0.270355
0.896551 0.272975
0.900642 0.263031
0.892434 0.261032
0.886928 0.266621
0.878773 0.26402
0.883191 0.257041
0.873004 0.255576
0.870548 0.247561
0.862372 0.249893
0.851852 0.250159
0.845328 0.261493
0.856975 0.258951
0.863603 0.266107
0.854328 0.276942
0.847298 0.294395
0.860586 0.300806
0.863823 0.285422
0.872177 0.272704
0.88046 0.279674
0.889696 0.287918
0.90161 0.284356
0.902985 0.300465
0.920119 0.29375
0.93512 0.291173
0.9543 0.284492
0.95625 0.267895
0.966019 0.25528
0.974587 0.246335
0.982791 0.234447
0.994505 0.22499
0.997165 0.238042
0.996062 0.253068
0.993307 0.26542
0.995333 0.282886
0.99682 0.300999
0.996539 0.320453
0.996982 0.336979
0.996454 0.359818
0.984565 0.368113
0.995906 0.378018
0.993797 0.391289
0.985823 0.380796
0.975268 0.385832
0.964091 0.389196
0.953006 0.395724
0.966054 0.40362
0.981319 0.408692
0.996 0.406007
0.994421 0.421845
0.994321 0.436907
0.979058 0.43619
0.9643 0.425526
0.952794 0.411076
0.943428 0.405235
0.931374 0.411886
0.939963 0.42189
0.92987 0.431101
0.917881 0.434421
0.916425 0.416904
0.903671 0.424594
0.904463 0.44139
0.893585 0.449675
0.883236 0.457536
0.872075 0.465437
0.861796 0.458965
0.872845 0.446085
0.858208 0.441627
0.844261 0.453396
0.831531 0.468281
0.817409 0.482692
0.818573 0.5032
0.835914 0.503401
0.847384 0.487298
0.859416 0.476205
0.875928 0.495305
0.893899 0.475368
0.904215 0.462853
0.913332 0.452834
0.927371 0.452467
0.939962 0.448867
0.946966 0.436221
0.956393 0.450705
0.945756 0.471679
0.928408 0.472883
0.912021 0.483191
0.925261 0.494475
0.911594 0.515463
0.934044 0.516072
0.948611 0.504687
0.965587 0.494216
0.970086 0.474005
0.982098 0.463099
0.994427 0.450983
0.995304 0.464532
0.99282 0.480588
0.992567 0.496209
0.996518 0.509307
0.996579 0.534839
0.996674 0.581805
0.926346 0.603892
0.899153 0.550678
0.870117 0.52685
0.857734 0.509937
0.841286 0.527374
0.825766 0.522022
0.808956 0.524303
0.82124 0.543767
0.827561 0.564286
0.841914 0.555496
0.865981 0.580615
0.832236 0.598516
0.795354 0.611792
0.76968 0.631837
0.715077 0.615812
0.677638 0.619288
0.639292 0.613661
0.614797 0.600644
0.579841 0.605143
0.562082 0.592177
0.577277 0.585902
0.5858 0.56726
0.596493 0.585546
0.617326 0.573356
0.637721 0.563672
0.651373 0.553529
0.659481 0.580687
0.671045 0.562308
0.684966 0.572267
0.704293 0.568069
0.724777 0.570548
0.748313 0.554799
0.748284 0.583252
0.770983 0.573005
0.790216 0.573295
0.804324 0.566363
0.795582 0.547612
0.778593 0.550403
0.768988 0.539623
0.784715 0.530621
0.79289 0.50991
0.796547 0.486917
0.720836 0.490717
0.668364 0.463302
0.715675 0.383657
0.691714 0.372843
0.672314 0.375798
0.642035 0.399403
0.610102 0.416773
0.535242 0.439475
0.449285 0.419956
0.362859 0.479171
0.343665 0.474125
0.3439 0.490751
0.327634 0.492975
0.312978 0.482039
0.298989 0.503344
0.318236 0.508239
0.333303 0.508899
0.349257 0.503001
0.364606 0.504005
0.381451 0.500845
0.397707 0.518871
0.379041 0.517898
0.365341 0.520539
0.36976 0.53187
0.382188 0.53438
0.396991 0.54436
0.380925 0.550537
0.364659 0.546139
0.353857 0.546588
0.35378 0.53897
0.344187 0.538109
0.351601 0.531586
0.359243 0.532707
0.354758 0.524559
0.352848 0.515858
0.343844 0.522452
0.332899 0.528598
0.322267 0.523061
0.30796 0.527376
0.323014 0.542537
0.313111 0.556581
0.292056 0.590391
0.320599 0.597319
0.328328 0.574128
0.337746 0.557017
0.350881 0.575394
0.369981 0.573539
0.391034 0.57048
0.406519 0.598839
0.419897 0.597437
0.410413 0.606687
0.400176 0.610113
0.391949 0.617172
0.382535 0.620912
0.372703 0.624218
0.362522 0.63103
0.381294 0.644792
0.399098 0.637416
0.407497 0.620655
0.418843 0.615065
0.423305 0.63192
0.442866 0.625525
0.43381 0.603969
0.449398 0.600411
0.463974 0.585579
0.48276 0.577568
0.490943 0.59926
0.502615 0.592795
0.514297 0.590421
0.522397 0.608657
0.510506 0.613469
0.497047 0.613064
0.470064 0.614597
0.491556 0.647929
0.516851 0.636219
0.540308 0.614225
0.561944 0.616422
0.572695 0.648066
0.596378 0.757674
0.638463 0.740137
0.666433 0.761002
0.68302 0.755045
0.70223 0.74805
0.73272 0.74066
0.747206 0.75927
0.758538 0.755161
0.76568 0.772276
0.767816 0.752533
0.778237 0.724259
0.782764 0.757515
0.801995 0.763853
0.817656 0.775492
0.817804 0.76384
0.824982 0.745384
0.83608 0.724593
0.865316 0.738924
0.884468 0.740085
0.897128 0.752775
0.903474 0.762136
0.886996 0.765706
0.871867 0.761494
0.849018 0.754811
0.856567 0.764555
0.857704 0.792636
0.835764 0.818133
0.871443 0.827415
0.914037 0.83685
0.953671 0.830664
0.966278 0.797551
0.96768 0.775735
0.952551 0.763446
0.940126 0.770304
0.928982 0.781683
0.910023 0.785375
0.921581 0.764597
0.934156 0.754652
0.925846 0.74347
0.910754 0.747495
0.913674 0.734379
0.921351 0.731796
0.92786 0.72661
0.936402 0.726002
0.946555 0.730083
0.957221 0.721131
0.966982 0.709184
0.997263 0.698193
0.981622 0.723188
0.99652 0.737683
0.987527 0.738458
0.975665 0.733909
0.963196 0.733926
0.950793 0.741188
0.959252 0.746417
0.967194 0.758006
0.97711 0.751682
0.991073 0.757179
0.993279 0.770038
0.985974 0.778076
0.995402 0.801127
0.99325 0.830307
0.993145 0.876086
0.972877 0.878149
0.930294 0.897985
0.910077 0.905519
0.893499 0.913258
0.885599 0.916836
0.890265 0.924191
0.899577 0.924758
0.914013 0.927131
0.926914 0.923056
0.934736 0.92042
0.941116 0.910182
0.952421 0.921969
0.947776 0.932321
0.939937 0.933693
0.931953 0.938362
0.939882 0.947834
0.922203 0.951372
0.903426 0.951322
0.915096 0.963854
0.929256 0.963531
0.944988 0.962544
0.95858 0.965995
0.978351 0.970797
0.9737 0.958388
0.966156 0.949279
0.953517 0.944684
0.963983 0.933766
0.96943 0.923094
0.984582 0.92476
0.981292 0.940807
0.995206 0.935238
0.994367 0.951366
0.995273 0.964879
0.994518 0.978973
0.993738 0.995244
0.977659 0.992332
0.963944 0.981854
0.946702 0.978505
0.949391 0.990247
0.935819 0.992394
0.92201 0.986785
0.910698 0.981597
0.887786 0.993887
0.856918 0.994666
0.830524 0.995663
0.812521 0.985969
0.792095 0.979124
0.788823 0.997814
0.759882 0.996838
0.752654 0.97276
0.777893 0.953429
0.790022 0.920834
0.813209 0.911758
0.824355 0.913135
0.854113 0.885872
0.865582 0.87399
0.840371 0.849387
0.817367 0.846612
0.833057 0.872555
0.819713 0.870969
0.808387 0.874356
0.797008 0.871218
0.790558 0.861616
0.788251 0.871943
0.792158 0.886617
0.767487 0.874403
0.766129 0.8845
0.758187 0.89658
0.753266 0.91298
0.766273 0.928683
0.747551 0.94181
0.740232 0.931764
0.730291 0.913835
0.715241 0.885898
0.734249 0.88073
0.730036 0.829566
0.739171 0.825704
0.732636 0.82275
0.711387 0.794754
0.692411 0.788344
0.680372 0.833988
0.667183 0.851509
0.681151 0.851676
0.687572 0.851823
0.690698 0.860804
0.682439 0.859109
0.680533 0.866275
0.683816 0.886153
0.698967 0.901169
0.699502 0.923007
0.693966 0.922555
0.683181 0.92864
0.671923 0.928684
0.664642 0.908322
0.657517 0.926287
0.648319 0.928898
0.63439 0.928569
0.623656 0.923486
0.610514 0.917916
0.602325 0.918434
0.608147 0.926863
0.602768 0.92938
0.601822 0.938327
0.609701 0.93687
0.619028 0.935887
0.629689 0.941241
0.624797 0.952876
0.613288 0.949203
0.610599 0.962612
0.622959 0.965223
0.637726 0.963881
0.638022 0.952847
0.644278 0.941951
0.661791 0.945004
0.652542 0.957437
0.662736 0.964874
0.674742 0.960774
0.678869 0.947708
0.69229 0.956952
0.692265 0.938879
0.708457 0.930706
0.71519 0.939266
0.718966 0.961366
0.73059 0.989526
0.706623 0.991526
0.688108 0.990511
0.671347 0.994598
0.657706 0.998355
0.645395 0.989656
0.632902 0.982751
0.627979 0.99867
0.610265 0.993487
0.596338 0.998324
0.582973 0.998497
0.575928 0.980261
0.566344 0.998945
0.552355 0.989304
0.532657 0.998978
0.511103 0.998272
0.492663 0.99724
0.47693 0.996413
0.464377 0.998478
0.452126 0.996681
0.442718 0.994405
0.431572 0.996878
0.422331 0.996066
0.413249 0.996247
0.402284 0.996554
0.392871 0.996722
0.382776 0.995971
0.370621 0.997639
0.358899 0.997038
0.351778 0.98821
0.341622 0.983928
0.346017 0.996351
0.333693 0.996866
0.32226 0.99653
0.320938 0.980939
0.311886 0.981565
0.31239 0.995528
0.301396 0.995238
0.291271 0.99507
0.281916 0.995728
0.271502 0.995937
0.262138 0.994012
0.249864 0.995939
0.23974 0.99596
0.230759 0.9945
0.218923 0.994028
0.22709 0.979886
0.241044 0.984647
0.238416 0.974339
0.235083 0.964119
0.235683 0.951162
0.224858 0.948894
0.209521 0.951484
0.202632 0.938478
0.214825 0.937445
0.224526 0.928848
0.236684 0.935707
0.240537 0.916511
0.255544 0.920142
0.260969 0.909682
0.266869 0.89928
0.27436 0.888059
0.272306 0.876546
0.282496 0.880541
0.28702 0.869655
0.294141 0.866567
0.294044 0.879182
0.291285 0.889413
0.287528 0.898547
0.279518 0.904063
0.277715 0.916411
0.289317 0.912468
0.300795 0.910209
0.298571 0.899777
0.309166 0.897819
0.302435 0.889022
0.304741 0.877233
0.314236 0.881018
0.324708 0.882871
0.330692 0.871845
0.344023 0.870822
0.350318 0.880405
0.356344 0.869544
0.349792 0.857497
0.361685 0.856759
0.371524 0.856237
0.372103 0.869365
0.370087 0.881862
0.373106 0.895507
0.360662 0.895582
0.351057 0.905245
0.342397 0.90956
0.342909 0.899419
0.348684 0.891814
0.336707 0.889202
0.32835 0.89934
0.321546 0.908866
0.311467 0.913042
0.321344 0.923305
0.308568 0.925186
0.298756 0.922663
0.287851 0.92459
0.282868 0.934742
0.293468 0.937455
0.303867 0.937751
0.315335 0.936892
0.3185 0.950456
0.308433 0.950871
0.298128 0.951413
0.289224 0.949385
0.276367 0.946407
0.267412 0.950195
0.268979 0.931708
0.250804 0.931748
0.250516 0.943882
0.250488 0.959862
0.256956 0.976105
0.270601 0.980523
0.273115 0.96402
0.289183 0.965515
0.288114 0.979021
0.297293 0.977074
0.304131 0.966176
0.315832 0.965744
0.33481 0.961318
0.348245 0.962554
0.358565 0.962768
0.365378 0.970359
0.353148 0.972748
0.361248 0.984514
0.369504 0.982857
0.377382 0.983049
0.389258 0.980748
0.398758 0.967853
0.386955 0.969265
0.378029 0.964943
0.382237 0.954781
0.387126 0.946476
0.373994 0.946291
0.366836 0.937697
0.363368 0.952028
0.352903 0.953792
0.345084 0.949116
0.347663 0.940048
0.342388 0.933122
0.342989 0.92145
0.353324 0.918972
0.357975 0.91092
0.363368 0.917889
0.371046 0.921197
0.376494 0.927575
0.384137 0.930913
0.39108 0.922544
0.391928 0.935056
0.39941 0.93622
0.408371 0.932739
0.398587 0.947633
0.406001 0.945447
0.414859 0.949147
0.409426 0.955868
0.415109 0.964848
0.412242 0.974062
0.406428 0.983933
0.416444 0.984512
0.428764 0.984794
0.422353 0.975449
0.425265 0.966681
0.427029 0.956929
0.426351 0.944745
0.423025 0.932539
0.44194 0.93058
0.44296 0.948057
0.443996 0.965462
0.435669 0.969666
0.44187 0.980351
0.450128 0.977368
0.452723 0.987341
0.459397 0.980368
0.467624 0.972694
0.457257 0.969862
0.462335 0.960306
0.456505 0.958606
0.460572 0.949492
0.457816 0.939051
0.464513 0.932114
0.458771 0.922872
0.453934 0.91369
0.448605 0.905485
0.459137 0.899421
0.467736 0.888931
0.480028 0.89477
0.470794 0.905654
0.482238 0.917946
0.471178 0.92212
0.476178 0.931532
0.482832 0.944741
0.498742 0.940288
0.491584 0.926493
0.498251 0.925202
0.507736 0.927814
0.506016 0.913283
0.509053 0.899807
0.525272 0.905256
0.547351 0.907134
0.56144 0.927812
0.540992 0.932687
0.518615 0.937078
0.511503 0.959365
0.495277 0.959498
0.479689 0.965166
0.490262 0.977433
0.505991 0.977576
0.520446 0.976821
0.535498 0.978363
0.531191 0.957179
0.546113 0.955782
0.561799 0.95699
0.581301 0.952805
0.572629 0.939689
0.586646 0.935563
0.585184 0.925933
0.588172 0.918999
0.576041 0.910588
0.563302 0.902408
0.578347 0.889402
0.590707 0.8999
0.610732 0.892514
0.62485 0.871921
0.627459 0.848833
0.584317 0.843488
0.577023 0.801834
0.554011 0.802922
0.537067 0.781556
0.511012 0.747141
0.513931 0.787264
0.492712 0.792213
0.467258 0.799628
0.487332 0.818202
0.520496 0.818953
0.512393 0.843519
0.530273 0.84809
0.540758 0.842207
0.543024 0.870351
0.521921 0.881556
0.502252 0.884259
0.489333 0.866356
0.480268 0.86792
0.484218 0.860859
0.489623 0.855435
0.483054 0.852463
0.489361 0.839699
0.476557 0.838939
0.455958 0.828761
0.445732 0.832255
0.453564 0.843275
0.442549 0.844337
0.432082 0.84816
0.437134 0.836773
0.436385 0.826462
0.420816 0.824588
0.401411 0.829497
0.399658 0.839808
0.403619 0.851712
0.411887 0.863923
0.426338 0.874484
0.434278 0.88757
0.44138 0.89697
0.423832 0.902081
0.427297 0.91743
0.411294 0.91732
0.405134 0.906623
0.390874 0.904248
0.391781 0.881483
0.386899 0.859253
0.386099 0.839862
0.384013 0.828816
0.371601 0.831035
0.375801 0.841363
0.367889 0.84563
0.357412 0.837326
0.357435 0.82298
0.344542 0.824503
0.343841 0.84003
0.332592 0.845775
0.334932 0.858595
0.321045 0.853566
0.311038 0.86256
0.303274 0.855351
0.293996 0.857519
0.278786 0.851943
0.280621 0.836085
0.275072 0.826397
0.271089 0.814457
0.280641 0.811632
0.289047 0.814353
0.286106 0.822595
0.292433 0.827844
0.293046 0.840502
0.296949 0.847795
0.30717 0.83927
0.319605 0.834412
0.330696 0.824687
0.320209 0.816152
0.309347 0.824004
0.30891 0.808824
0.313997 0.79737
0.312784 0.783426
0.299936 0.783919
0.286413 0.785063
0.276276 0.779841
0.284086 0.775852
0.280337 0.766157
0.295365 0.764864
0.308871 0.767622
0.323617 0.773359
0.326707 0.78699
0.341113 0.774404
0.357536 0.774636
0.368523 0.777938
0.37922 0.77902
0.379615 0.794722
0.367618 0.795703
0.356684 0.789267
0.343727 0.792611
0.332926 0.803418
0.34504 0.808644
0.355371 0.804781
0.366225 0.811695
0.376655 0.808536
0.376758 0.819068
0.389729 0.816212
0.404364 0.814692
0.40653 0.799352
0.422801 0.791437
0.431076 0.776857
0.444699 0.762202
0.466122 0.76636
0.428064 0.732418
0.399682 0.743955
0.378144 0.747358
0.375278 0.761723
0.36201 0.758589
0.35337 0.747847
0.342825 0.758942
0.329837 0.752072
0.318577 0.755557
0.307163 0.752025
0.294439 0.743356
0.304454 0.738368
0.293257 0.725763
0.284293 0.727351
0.272452 0.745103
0.261319 0.770072
0.257854 0.758538
0.248312 0.757085
0.253868 0.737692
0.252956 0.726076
0.265461 0.717362
0.273192 0.709353
0.266423 0.700807
0.255147 0.708862
0.24223 0.711845
0.232317 0.706716
0.221452 0.706438
0.217081 0.695914
0.226616 0.695034
0.238558 0.695632
0.24792 0.695626
0.247442 0.683166
0.26323 0.685501
0.28939 0.674687
0.302459 0.673946
0.302743 0.685287
0.297116 0.695906
0.306386 0.696746
0.312343 0.706117
0.302107 0.710511
0.306518 0.721872
0.317705 0.723853
0.327919 0.734607
0.340018 0.739389
0.3528 0.735274
0.364981 0.741825
0.362204 0.732202
0.356939 0.722542
0.346253 0.724081
0.348521 0.712442
0.339577 0.711316
0.338269 0.718389
0.330983 0.714302
0.329755 0.704299
0.323249 0.696458
0.340851 0.69134
0.327535 0.675675
0.318004 0.686333
0.314038 0.677242
0.314205 0.666034
0.306623 0.651659
0.2984 0.661348
0.295031 0.651124
0.295847 0.640508
0.291962 0.628668
0.262515 0.622041
0.249001 0.624541
0.238006 0.627022
0.226444 0.619161
0.215391 0.619785
0.218469 0.63271
0.210144 0.646823
0.218565 0.657445
0.209232 0.660724
0.213364 0.67106
0.224537 0.670009
0.23005 0.662529
0.23115 0.652025
0.232296 0.639213
0.244382 0.637448
0.254899 0.639898
0.265871 0.653916
0.253091 0.654101
0.244864 0.648927
0.245289 0.661858
0.251079 0.669115
0.242571 0.672938
0.233522 0.678798
0.224192 0.683049
0.213979 0.683808
0.203864 0.686386
0.201546 0.697487
0.207799 0.707639
0.214296 0.713324
0.212129 0.723026
0.221371 0.719531
0.2326 0.725912
0.218443 0.7323
0.2061 0.736761
0.220065 0.744062
0.225054 0.753516
0.224884 0.764959
0.233965 0.764893
0.237795 0.77463
0.244068 0.781384
0.242406 0.79246
0.249226 0.789054
0.256113 0.787895
0.263006 0.791256
0.277534 0.794001
0.285706 0.798905
0.275774 0.80473
0.268361 0.800771
0.25962 0.800169
0.252508 0.799086
0.245263 0.805185
0.246476 0.8174
0.256475 0.811515
0.260251 0.822303
0.260384 0.833889
0.250843 0.840688
0.261243 0.845579
0.261185 0.856189
0.249857 0.861181
0.258843 0.869203
0.254879 0.881885
0.243145 0.879571
0.249774 0.896859
0.236832 0.894738
0.220965 0.904564
0.205044 0.891805
0.192035 0.892118
0.183159 0.886666
0.187676 0.878326
0.17781 0.874379
0.173592 0.861854
0.167544 0.849978
0.155848 0.849528
0.142177 0.850807
0.14474 0.864592
0.159438 0.869864
0.167241 0.884529
0.154149 0.888294
0.156246 0.897687
0.165516 0.901149
0.178539 0.901021
0.175022 0.910984
0.185988 0.916098
0.193176 0.908473
0.206266 0.91496
0.195319 0.924566
0.184359 0.930915
0.188484 0.943698
0.19557 0.95603
0.197879 0.968845
0.210397 0.965474
0.21126 0.97893
0.197971 0.982692
0.199566 0.996259
0.184722 0.993072
0.178743 0.985271
0.184811 0.977304
0.179538 0.961043
0.167836 0.949557
0.159799 0.958768
0.15431 0.950017
0.139283 0.946193
0.129143 0.954033
0.141778 0.963017
0.15134 0.964687
0.159449 0.969746
0.160911 0.977673
0.170133 0.975033
0.165008 0.984827
0.172168 0.992162
0.165511 0.995355
0.158719 0.992705
0.151893 0.992493
0.1469 0.981063
0.144723 0.992435
0.13769 0.995755
0.12941 0.99453
0.122253 0.996654
0.115453 0.994563
0.106599 0.992663
0.0948664 0.99391
0.0814921 0.99189
0.0715321 0.994913
0.0629192 0.993961
0.0701538 0.985339
0.0630633 0.982567
0.0562881 0.976507
0.0507592 0.970809
0.0428384 0.969814
0.0372292 0.979002
0.0460479 0.977112
0.0489726 0.983169
0.0526092 0.995177
0.0397714 0.99571
0.030231 0.993706
0.0245004 0.981318
0.022902 0.993614
0.0138558 0.994874
0.00358842 0.994133
0.00493348 0.97666
0.00532199 0.962993
0.0183576 0.964644
0.0284181 0.964209
0.0223267 0.95146
0.0193158 0.938345
0.00458337 0.941386
0.0110234 0.920659
0.0289439 0.928859
0.0439276 0.926571
0.0550131 0.924223
0.0642615 0.931224
0.0669508 0.940266
0.0618782 0.946772
0.0532368 0.941459
0.0417108 0.938403
0.0352561 0.941491
0.0387432 0.955462
0.0536284 0.956116
0.0621713 0.958316
0.0678454 0.95345
0.0788766 0.953446
0.0785379 0.943194
0.0886538 0.946971
0.0890242 0.938236
0.0972854 0.933973
0.103877 0.936449
0.0968863 0.943882
0.104356 0.945122
0.101214 0.952741
0.10897 0.95499
0.104782 0.960557
0.0965698 0.963915
0.0904694 0.956164
0.0849882 0.965004
0.0729753 0.964111
0.0645575 0.971799
0.0705022 0.975542
0.0794407 0.978157
0.0880511 0.981344
0.0977866 0.982372
0.113965 0.976352
0.12919 0.981732
0.127041 0.970215
0.116957 0.960949
0.118482 0.946761
0.121121 0.938397
0.127922 0.93584
0.134351 0.930908
0.141404 0.933908
0.148411 0.937214
0.16027 0.932061
0.169645 0.931561
0.162921 0.92156
0.154416 0.920938
0.154374 0.910859
0.147208 0.901283
0.138353 0.908251
0.143904 0.918428
0.130381 0.918301
0.120779 0.920957
0.112281 0.926556
0.097145 0.922362
0.089002 0.925477
0.0813362 0.930761
0.0724614 0.925658
0.0801002 0.918229
0.0883461 0.912163
0.0783946 0.903291
0.0662396 0.910344
0.0682376 0.892962
0.081405 0.891668
0.0891802 0.899774
0.101533 0.907238
0.116429 0.909662
0.124276 0.906166
0.118595 0.893529
0.129403 0.899432
0.137415 0.89436
0.144546 0.886862
0.142089 0.87589
0.130332 0.882085
0.129152 0.86944
0.126485 0.855463
0.118421 0.835613
0.127812 0.839405
0.141275 0.837908
0.152868 0.833916
0.166065 0.835386
0.180601 0.828315
0.192811 0.822104
0.184468 0.811326
0.17312 0.80671
0.163847 0.819085
0.152705 0.818333
0.154469 0.801366
0.163922 0.79398
0.17879 0.788133
0.167924 0.780585
0.173131 0.76553
0.189796 0.773898
0.195678 0.79399
0.200111 0.806942
0.204624 0.817533
0.214276 0.81155
0.215035 0.82229
0.214569 0.834725
0.205876 0.829437
0.196397 0.841689
0.214343 0.848016
0.216007 0.862736
0.200951 0.872635
0.214898 0.879507
0.226874 0.87852
0.231413 0.865643
0.231161 0.84874
0.225716 0.837295
0.235581 0.836611
0.242226 0.828325
0.229026 0.822224
0.22848 0.807752
0.216376 0.796516
0.21044 0.786998
0.213929 0.777343
0.209728 0.766731
0.199236 0.763267
0.206072 0.752052
0.197405 0.750133
0.187195 0.755488
0.17548 0.745043
0.158524 0.742526
0.17231 0.731945
0.18136 0.729147
0.190902 0.713954
0.173211 0.716151
0.161479 0.72028
0.16615 0.696731
0.175296 0.703699
0.186543 0.698802
0.186262 0.682396
0.196349 0.672383
0.194577 0.651847
0.183503 0.663641
0.171357 0.668952
0.168604 0.682378
0.148706 0.677108
0.110738 0.710593
0.05094 0.740981
0.0843452 0.789217
0.107688 0.779045
0.12656 0.761696
0.14942 0.769284
0.132073 0.790412
0.138233 0.805181
0.134374 0.823551
0.122167 0.814204
0.0981542 0.818443
0.0887655 0.823186
0.0790879 0.825922
0.0651145 0.8233
0.0579599 0.827746
0.0495745 0.824942
0.0386893 0.831176
0.0510913 0.837674
0.0605686 0.841098
0.069598 0.83764
0.0608125 0.860824
0.0473412 0.850048
0.0391191 0.858568
0.0335493 0.844392
0.0219864 0.848742
0.0264845 0.858349
0.0331294 0.878495
0.0385633 0.898128
0.00494274 0.892413
0.00456301 0.872002
0.0129937 0.852245
0.00409216 0.846654
0.00264294 0.827078
0.0132184 0.835277
0.0249506 0.831355
0.0255289 0.807458
0.0052496 0.80494
0.00338136 0.785373
0.0117916 0.769405
0.00339876 0.763933
0.0153946 0.752532
0.00495105 0.740923
0.00417472 0.726331
0.00696295 0.707844
0.00337231 0.692553
0.00570794 0.676938
0.00843814 0.665145
0.0142064 0.651587
0.00439087 0.649105
0.00552679 0.635429
0.00536342 0.621545
0.0187487 0.622411
0.0156322 0.632013
0.0315678 0.6308
0.0352145 0.606061
0.076568 0.623796
0.0902885 0.658169
0.115495 0.643665
0.111686 0.625254
0.0960651 0.619714
0.0848888 0.609665
0.079671 0.597143
0.0694914 0.592425
0.0774599 0.56739
0.0609192 0.577878
0.0473263 0.583551
0.0302805 0.588088
0.0223847 0.594226
0.0148445 0.600302
0.00552425 0.605631
0.00441787 0.590762
0.00403791 0.57067
0.00790753 0.553942
0.00347111 0.537466
0.00373732 0.517866
End
