1296 864
0.483456 0.777986
0.482432 0.744562
0.4906 0.693873
0.527571 0.696163
0.536742 0.687196
0.549013 0.673519
0.552752 0.672273
0.556229 0.674085
0.558889 0.67688
0.562478 0.678884
0.565155 0.676271
0.562309 0.673302
0.55971 0.669898
0.56361 0.668997
0.566895 0.671341
0.5706 0.669512
0.573973 0.667577
0.577678 0.664704
0.574421 0.662418
0.570825 0.663098
0.567985 0.665517
0.564826 0.664795
0.561339 0.664463
0.55755 0.66468
0.555979 0.668736
0.552583 0.66771
0.553095 0.662345
0.557773 0.660004
0.54853 0.645408
0.547896 0.634887
0.54231 0.582738
0.594703 0.514581
0.599429 0.510678
0.603082 0.50904
0.606498 0.507336
0.610205 0.509397
0.613315 0.508704
0.616327 0.510756
0.617308 0.515618
0.612931 0.513757
0.609062 0.513785
0.607769 0.518146
0.613202 0.518825
0.617129 0.521735
0.62091 0.519985
0.621638 0.515882
0.625204 0.516393
0.628008 0.512951
0.629727 0.516754
0.633543 0.514721
0.637302 0.514609
0.640594 0.514061
0.642503 0.518288
0.644955 0.520814
0.641272 0.522384
0.638817 0.520831
0.636034 0.521199
0.633177 0.52043
0.629143 0.522009
0.625332 0.521892
0.621634 0.524984
0.624903 0.526504
0.628459 0.527334
0.632204 0.526512
0.636457 0.527251
0.639572 0.527232
0.642953 0.526506
0.646484 0.525207
0.649747 0.524592
0.652917 0.524006
0.654204 0.520119
0.649342 0.519316
0.646447 0.515642
0.65122 0.514948
0.655427 0.51523
0.659396 0.514952
0.657874 0.517964
0.661884 0.518299
0.665496 0.517922
0.6706 0.520272
0.672763 0.517754
0.674981 0.521202
0.678337 0.518352
0.681574 0.52045
0.685239 0.518159
0.688246 0.518482
0.6916 0.51898
0.694639 0.519368
0.698703 0.516847
0.696091 0.513934
0.693091 0.513357
0.689904 0.512024
0.686195 0.513463
0.682776 0.514207
0.678825 0.514171
0.675219 0.514473
0.672286 0.512208
0.668949 0.513409
0.668216 0.508977
0.66513 0.511776
0.661863 0.511683
0.657904 0.511148
0.654189 0.510962
0.651419 0.509006
0.654913 0.505578
0.658041 0.507075
0.660848 0.505834
0.663725 0.506662
0.667211 0.504166
0.666133 0.501336
0.670861 0.499161
0.67122 0.503482
0.672925 0.507388
0.676261 0.509616
0.67943 0.510355
0.682549 0.508945
0.684576 0.506997
0.687438 0.507326
0.690484 0.505361
0.694273 0.507368
0.697872 0.507531
0.698899 0.51133
0.701181 0.512291
0.704263 0.514418
0.704237 0.518272
0.707794 0.517365
0.711142 0.520295
0.71335 0.524372
0.708972 0.525498
0.705002 0.523267
0.701203 0.520971
0.697867 0.52276
0.69459 0.524656
0.691215 0.52455
0.686757 0.523505
0.683811 0.524736
0.68064 0.526084
0.677981 0.523582
0.677304 0.528418
0.673841 0.525843
0.670517 0.525806
0.667301 0.523825
0.66403 0.523775
0.661075 0.525988
0.659438 0.522512
0.656321 0.525814
0.654143 0.530589
0.651377 0.52983
0.647987 0.529621
0.645807 0.532381
0.642632 0.532025
0.640392 0.534488
0.637403 0.533284
0.633685 0.531328
0.632171 0.535463
0.628771 0.533278
0.625168 0.531641
0.621877 0.529905
0.619216 0.533065
0.62195 0.535246
0.617385 0.541623
0.626331 0.539563
0.632799 0.544062
0.633189 0.540289
0.635426 0.537357
0.639388 0.538645
0.637013 0.54183
0.641201 0.542432
0.644344 0.546766
0.63925 0.546885
0.637357 0.552268
0.635626 0.559301
0.642203 0.552594
0.646477 0.552195
0.648807 0.547532
0.65231 0.547369
0.656501 0.548661
0.653469 0.55335
0.658941 0.552811
0.66193 0.554337
0.659773 0.557931
0.658396 0.564639
0.664729 0.5573
0.664723 0.551412
0.667784 0.553795
0.672676 0.555834
0.676732 0.564544
0.677792 0.55685
0.682419 0.555944
0.686577 0.552083
0.682738 0.548527
0.678966 0.549826
0.675182 0.550716
0.671245 0.550132
0.667886 0.548046
0.663731 0.546605
0.661068 0.548645
0.659627 0.544634
0.657616 0.541022
0.654858 0.542335
0.651619 0.540374
0.649155 0.54272
0.645683 0.541588
0.643717 0.537274
0.647842 0.53691
0.650955 0.535064
0.654398 0.536368
0.657208 0.535617
0.657623 0.530566
0.66041 0.530557
0.663749 0.528711
0.663717 0.533968
0.666919 0.532191
0.668857 0.529223
0.672588 0.532196
0.675856 0.532543
0.679314 0.531933
0.68182 0.531721
0.684703 0.52858
0.688893 0.528753
0.686973 0.533152
0.683147 0.536227
0.679053 0.537615
0.676118 0.539094
0.672647 0.539735
0.669968 0.535799
0.666871 0.537344
0.661664 0.5386
0.6647 0.542493
0.668638 0.542073
0.671779 0.545293
0.675409 0.544825
0.67842 0.543094
0.68128 0.542553
0.684473 0.542211
0.68635 0.538742
0.689881 0.53667
0.693178 0.537224
0.695544 0.540994
0.690227 0.542119
0.686404 0.545585
0.689758 0.548436
0.693497 0.547002
0.697555 0.548769
0.701808 0.548354
0.699597 0.543153
0.704556 0.543502
0.70568 0.548313
0.709694 0.546868
0.713378 0.54437
0.716669 0.54134
0.720748 0.542566
0.718529 0.546265
0.715133 0.548582
0.711802 0.550654
0.714156 0.554772
0.708413 0.55571
0.70826 0.55128
0.704682 0.553038
0.701202 0.553104
0.698362 0.555581
0.695023 0.553035
0.691441 0.554973
0.688346 0.561658
0.695292 0.559681
0.69988 0.562629
0.701511 0.558403
0.704662 0.557919
0.705496 0.562372
0.701578 0.568464
0.702888 0.577916
0.727168 0.586175
0.726085 0.578396
0.725795 0.572672
0.720555 0.554837
0.718459 0.550924
0.721706 0.549031
0.729424 0.549762
0.731708 0.545544
0.73617 0.545802
0.736203 0.540355
0.733135 0.540659
0.728216 0.542941
0.724596 0.545361
0.72424 0.540146
0.72767 0.538074
0.730868 0.537873
0.730083 0.533082
0.726939 0.530059
0.725108 0.534047
0.721837 0.535796
0.719084 0.537031
0.715743 0.536026
0.712168 0.538821
0.709068 0.542147
0.706113 0.538721
0.703079 0.535504
0.699601 0.535243
0.695869 0.533623
0.692304 0.531198
0.697127 0.53
0.699601 0.527841
0.701806 0.525244
0.703499 0.529598
0.70649 0.529433
0.70906 0.533052
0.714063 0.531261
0.716969 0.527143
0.719726 0.531126
0.721977 0.528215
0.724278 0.525401
0.72803 0.52512
0.731113 0.527597
0.734226 0.529161
0.736408 0.532176
0.733972 0.535588
0.738353 0.535945
0.740793 0.538166
0.746319 0.537094
0.749351 0.540765
0.754515 0.536023
0.750288 0.535066
0.746768 0.533339
0.743051 0.532987
0.739569 0.530653
0.741998 0.526904
0.737834 0.526022
0.736183 0.522277
0.732871 0.52215
0.730426 0.517968
0.726442 0.517286
0.726774 0.521589
0.722609 0.519727
0.72035 0.523072
0.71709 0.521137
0.715015 0.517484
0.719232 0.516272
0.718033 0.511296
0.714884 0.512634
0.712179 0.51419
0.709012 0.511701
0.705188 0.510015
0.708498 0.508053
0.712288 0.508263
0.715103 0.5074
0.717192 0.503853
0.720185 0.506449
0.721689 0.511216
0.724381 0.508364
0.724837 0.51277
0.728315 0.512296
0.7301 0.507597
0.734025 0.507624
0.731703 0.512152
0.734332 0.514996
0.738003 0.517378
0.741491 0.52126
0.744877 0.521566
0.750303 0.519764
0.7544 0.520768
0.751934 0.524672
0.748616 0.52345
0.745886 0.525529
0.744608 0.52969
0.747347 0.52917
0.749756 0.529565
0.753673 0.529495
0.75753 0.528091
0.759922 0.524275
0.757989 0.52081
0.759778 0.51712
0.757063 0.516339
0.754965 0.513891
0.752478 0.515642
0.749142 0.515285
0.747036 0.5179
0.743616 0.515464
0.740332 0.513093
0.737006 0.510388
0.740737 0.508169
0.744128 0.509301
0.746837 0.510642
0.749966 0.510338
0.753169 0.510179
0.756879 0.509581
0.758812 0.512112
0.763058 0.511728
0.768382 0.510285
0.767467 0.505396
0.76486 0.503577
0.76273 0.506944
0.758861 0.506426
0.760655 0.502943
0.762871 0.499575
0.766387 0.500354
0.769179 0.496914
0.766312 0.494685
0.762876 0.495535
0.760126 0.493558
0.756951 0.494657
0.75388 0.497007
0.758723 0.498702
0.756575 0.502006
0.753503 0.502933
0.754854 0.50671
0.749614 0.505616
0.750675 0.50031
0.749217 0.495995
0.745504 0.495517
0.742235 0.494196
0.739391 0.493586
0.735135 0.494977
0.733248 0.491266
0.736024 0.490873
0.735625 0.486425
0.73888 0.488571
0.742503 0.487746
0.745685 0.490275
0.749227 0.490099
0.753469 0.490912
0.75678 0.489212
0.76044 0.487672
0.757918 0.484771
0.754171 0.484253
0.750393 0.485195
0.746882 0.484843
0.745002 0.481674
0.7429 0.483385
0.739644 0.483433
0.737437 0.480136
0.73382 0.477816
0.73611 0.47412
0.73975 0.475692
0.743026 0.477962
0.743034 0.472964
0.744579 0.469628
0.747482 0.470927
0.750568 0.4692
0.753791 0.469366
0.756509 0.472456
0.750846 0.474047
0.746475 0.476144
0.748935 0.4794
0.752534 0.478308
0.755629 0.479197
0.758951 0.477356
0.762938 0.478066
0.760675 0.481821
0.765905 0.480845
0.769312 0.481063
0.771338 0.486097
0.767906 0.48686
0.764173 0.4861
0.763844 0.490583
0.7692 0.490949
0.772719 0.491545
0.777085 0.494294
0.781141 0.496296
0.77894 0.491277
0.775107 0.489673
0.777432 0.486392
0.774187 0.484286
0.776496 0.481428
0.77259 0.479552
0.775537 0.476667
0.779014 0.474268
0.774917 0.471609
0.772426 0.473999
0.769175 0.475187
0.764674 0.474164
0.767311 0.470678
0.770288 0.468213
0.77285 0.465909
0.775382 0.465606
0.778418 0.468238
0.779918 0.464226
0.782919 0.462235
0.785456 0.464495
0.78292 0.468056
0.780755 0.470249
0.786072 0.470029
0.789323 0.471033
0.792707 0.472195
0.790948 0.467363
0.787936 0.466585
0.788942 0.462725
0.786798 0.459997
0.785475 0.456874
0.782342 0.457651
0.779424 0.457841
0.776148 0.460111
0.773699 0.459789
0.772105 0.455483
0.774872 0.453698
0.777728 0.452748
0.780891 0.452173
0.784265 0.452393
0.788283 0.452947
0.790324 0.449008
0.793107 0.451047
0.79679 0.450773
0.792713 0.444843
0.788246 0.44555
0.784971 0.447835
0.782779 0.444275
0.785495 0.441306
0.789736 0.440573
0.793369 0.437675
0.788249 0.435887
0.790628 0.432934
0.787664 0.429856
0.783036 0.430293
0.784514 0.434302
0.783116 0.438371
0.780309 0.435063
0.776736 0.437121
0.77945 0.440685
0.776539 0.442116
0.779387 0.446558
0.775005 0.446615
0.772227 0.449516
0.768857 0.453324
0.766054 0.45483
0.763685 0.453093
0.761279 0.455138
0.75887 0.451693
0.755033 0.451868
0.752295 0.453567
0.748921 0.454037
0.746046 0.456736
0.743828 0.453685
0.740459 0.454618
0.736311 0.453338
0.737948 0.457405
0.74087 0.459865
0.743943 0.459811
0.748287 0.460782
0.751135 0.458913
0.754147 0.45973
0.756746 0.456241
0.758424 0.46042
0.761668 0.463281
0.763558 0.460028
0.767816 0.458988
0.770335 0.461797
0.767103 0.464751
0.763478 0.467002
0.760951 0.471672
0.758716 0.467144
0.755732 0.464569
0.752185 0.464607
0.749224 0.465194
0.745958 0.464643
0.741888 0.465816
0.739439 0.470542
0.735275 0.468842
0.73814 0.46546
0.736519 0.46186
0.734012 0.464723
0.730891 0.466958
0.727746 0.46462
0.72228 0.463709
0.716325 0.463282
0.71784 0.470692
0.720773 0.475824
0.724463 0.473401
0.723969 0.469133
0.727877 0.470148
0.731709 0.472474
0.728797 0.476623
0.725027 0.477161
0.724764 0.4815
0.727782 0.482389
0.730701 0.482215
0.734615 0.482492
0.732081 0.486002
0.729648 0.49071
0.72737 0.48702
0.723425 0.485328
0.720294 0.487557
0.71747 0.488776
0.714634 0.488739
0.712132 0.491474
0.709392 0.489597
0.708613 0.493619
0.70426 0.491827
0.702565 0.497341
0.706075 0.497638
0.708539 0.500251
0.711273 0.497615
0.714067 0.495092
0.71662 0.494828
0.719824 0.493593
0.72336 0.491275
0.726717 0.4928
0.723204 0.49652
0.726106 0.498666
0.728955 0.497781
0.731256 0.49599
0.734289 0.498815
0.73784 0.499378
0.740727 0.499152
0.744024 0.500108
0.747146 0.502135
0.744098 0.504987
0.73934 0.504467
0.735394 0.503215
0.731527 0.501998
0.727847 0.503377
0.724092 0.503348
0.721058 0.501145
0.718642 0.498484
0.714616 0.500095
0.713653 0.503603
0.710223 0.50391
0.705508 0.504145
0.703003 0.50601
0.701045 0.503049
0.696898 0.501992
0.698478 0.497896
0.695456 0.495191
0.692728 0.499786
0.688608 0.496603
0.685949 0.501473
0.682003 0.50003
0.680562 0.504615
0.676046 0.503945
0.677886 0.500436
0.674879 0.496367
0.670216 0.493906
0.666031 0.495715
0.663382 0.498842
0.661178 0.501267
0.658153 0.501686
0.654663 0.501784
0.650989 0.504196
0.647397 0.50204
0.643879 0.501608
0.643668 0.505298
0.646529 0.50675
0.647757 0.510006
0.643967 0.510816
0.64028 0.508337
0.639537 0.503211
0.636781 0.507906
0.632837 0.508433
0.630175 0.510124
0.626605 0.508823
0.623726 0.510194
0.620147 0.511156
0.618704 0.507929
0.620741 0.505393
0.623024 0.503563
0.626256 0.504737
0.628873 0.503411
0.632517 0.502925
0.635066 0.500645
0.637329 0.497324
0.641091 0.497968
0.644285 0.495712
0.64807 0.49752
0.650937 0.498633
0.654619 0.497623
0.658562 0.496304
0.663056 0.493537
0.666129 0.49008
0.669249 0.487161
0.674025 0.484044
0.679471 0.48379
0.675703 0.490345
0.6793 0.494182
0.683449 0.494775
0.686257 0.489344
0.692741 0.487947
0.699292 0.489382
0.703886 0.484809
0.707224 0.485728
0.711219 0.483899
0.714841 0.483369
0.720116 0.481953
0.716571 0.477903
0.711721 0.477033
0.7087 0.469446
0.699304 0.468218
0.704156 0.475743
0.698596 0.480319
0.692812 0.476258
0.686014 0.474664
0.682068 0.472426
0.677126 0.474315
0.672837 0.470587
0.67631 0.467928
0.680514 0.467363
0.684019 0.466207
0.687303 0.464133
0.690509 0.467844
0.692696 0.46161
0.689107 0.458339
0.686243 0.457218
0.683597 0.460092
0.680598 0.459922
0.678572 0.462735
0.675014 0.4629
0.671964 0.465338
0.668656 0.468189
0.66332 0.468448
0.662606 0.473853
0.66638 0.473443
0.670874 0.477243
0.668106 0.481236
0.665227 0.479313
0.661857 0.478145
0.659014 0.476903
0.65606 0.478003
0.653016 0.479629
0.649601 0.4826
0.644827 0.483528
0.642732 0.487378
0.647031 0.487998
0.651764 0.487947
0.655726 0.485385
0.659835 0.483965
0.664031 0.485979
0.661423 0.489477
0.65817 0.489487
0.65493 0.492813
0.651656 0.494015
0.648066 0.492881
0.643039 0.491423
0.639719 0.491651
0.63643 0.492056
0.634811 0.487288
0.631304 0.486152
0.630499 0.490514
0.632819 0.495081
0.629154 0.495937
0.625894 0.49566
0.624466 0.499418
0.622262 0.495721
0.623489 0.490904
0.620407 0.491163
0.617709 0.492237
0.614035 0.491404
0.610771 0.491439
0.607009 0.4918
0.60297 0.492349
0.605787 0.497048
0.610786 0.497411
0.616146 0.498342
0.619597 0.500042
0.616864 0.504203
0.613462 0.502397
0.609761 0.504221
0.606721 0.501864
0.603476 0.502591
0.600618 0.501214
0.59834 0.505018
0.594375 0.506523
0.597016 0.500699
0.600842 0.496842
0.596817 0.495273
0.599029 0.491868
0.593757 0.490741
0.588139 0.492236
0.590292 0.486572
0.595103 0.48475
0.598594 0.487214
0.60192 0.484544
0.605567 0.483133
0.605071 0.48743
0.609177 0.48612
0.61438 0.487511
0.616642 0.484651
0.613433 0.482509
0.609001 0.479948
0.605812 0.478127
0.601855 0.478008
0.598151 0.480843
0.596737 0.476016
0.59365 0.479414
0.590374 0.481053
0.580331 0.482951
0.583652 0.477648
0.587242 0.475488
0.591079 0.47482
0.594225 0.472047
0.598292 0.471118
0.601533 0.473327
0.60525 0.473016
0.608988 0.473211
0.612335 0.476092
0.616404 0.478508
0.621232 0.476533
0.623159 0.472068
0.619123 0.47147
0.615642 0.471788
0.611741 0.468556
0.607929 0.467103
0.604619 0.466899
0.601791 0.468271
0.599507 0.464766
0.596064 0.466251
0.592465 0.466403
0.589146 0.469974
0.585192 0.469789
0.586932 0.465014
0.590039 0.462512
0.586666 0.4588
0.583096 0.462189
0.579979 0.466113
0.577951 0.459051
0.581446 0.456779
0.585578 0.453886
0.585589 0.448967
0.582279 0.449874
0.57929 0.450923
0.577217 0.446691
0.571119 0.444817
0.574573 0.44138
0.577997 0.441537
0.581631 0.443002
0.585396 0.44408
0.589028 0.445784
0.588176 0.438758
0.584047 0.437476
0.579682 0.437662
0.576213 0.435424
0.58046 0.432199
0.576248 0.428993
0.575898 0.422494
0.580214 0.42427
0.5846 0.429133
0.590041 0.428464
0.596536 0.428915
0.601386 0.432424
0.608296 0.43063
0.609631 0.423284
0.615281 0.42555
0.616964 0.431463
0.620035 0.433941
0.625534 0.435733
0.630198 0.434992
0.63403 0.437086
0.629725 0.440282
0.625464 0.44131
0.621821 0.441512
0.617303 0.439848
0.612446 0.441182
0.612624 0.436144
0.607399 0.437825
0.60513 0.443702
0.601513 0.441854
0.596582 0.437973
0.592766 0.442405
0.596367 0.446098
0.600562 0.448719
0.601088 0.454894
0.5965 0.454845
0.594461 0.451622
0.590413 0.450788
0.590351 0.456212
0.594077 0.45974
0.598666 0.460012
0.603251 0.460605
0.608816 0.461487
0.609098 0.457219
0.605867 0.455244
0.610369 0.45223
0.605973 0.4498
0.609346 0.445992
0.614081 0.447345
0.619658 0.445782
0.624061 0.448243
0.627089 0.446909
0.633126 0.445822
0.635298 0.442065
0.639443 0.442481
0.641879 0.43925
0.639372 0.435931
0.63704 0.434202
0.635654 0.429423
0.632136 0.431023
0.627039 0.429826
0.622242 0.428104
0.625457 0.42442
0.622216 0.421107
0.616998 0.420855
0.614743 0.416118
0.620173 0.41423
0.624992 0.414695
0.628612 0.411603
0.632415 0.413474
0.63522 0.41265
0.638233 0.413083
0.641047 0.410818
0.64432 0.41086
0.647232 0.410241
0.650969 0.410298
0.654387 0.410776
0.657277 0.413254
0.659064 0.417685
0.655337 0.418291
0.652425 0.41621
0.649162 0.41435
0.64774 0.419341
0.645627 0.415458
0.642323 0.415665
0.643287 0.419734
0.639276 0.420557
0.636247 0.417909
0.632281 0.417875
0.628362 0.417344
0.629337 0.421283
0.63124 0.426004
0.633945 0.42187
0.635614 0.424723
0.63842 0.426535
0.641607 0.425362
0.644665 0.423405
0.648337 0.424857
0.651378 0.42212
0.653781 0.424482
0.656977 0.425735
0.657715 0.421406
0.66123 0.420785
0.664736 0.41849
0.662453 0.415776
0.665637 0.413491
0.66823 0.415805
0.670781 0.416094
0.672989 0.418422
0.675978 0.417304
0.678764 0.417877
0.680806 0.419773
0.683204 0.421506
0.686366 0.420567
0.688667 0.420557
0.690051 0.423703
0.692722 0.425375
0.695822 0.423905
0.698146 0.421898
0.697227 0.417537
0.694052 0.420588
0.692174 0.417555
0.689383 0.416462
0.686268 0.415161
0.684387 0.4178
0.682615 0.415248
0.679901 0.413466
0.682712 0.411069
0.685744 0.410909
0.688629 0.412294
0.691614 0.411633
0.694851 0.414082
0.698584 0.412783
0.700474 0.408777
0.696478 0.409065
0.693554 0.407123
0.69057 0.406508
0.687622 0.40724
0.684053 0.406701
0.680321 0.40633
0.678648 0.409183
0.675906 0.409373
0.676328 0.413633
0.672778 0.413133
0.67164 0.409792
0.668108 0.410442
0.663005 0.410859
0.660015 0.410682
0.656842 0.407637
0.653132 0.403393
0.657331 0.40195
0.65982 0.403961
0.663078 0.406521
0.666908 0.405523
0.670892 0.404856
0.674302 0.40649
0.676348 0.403348
0.678654 0.40081
0.681614 0.402813
0.683966 0.400313
0.686319 0.402848
0.688753 0.40076
0.691775 0.401599
0.695077 0.402851
0.69812 0.403928
0.701557 0.403182
0.704821 0.402046
0.708421 0.403044
0.712022 0.401486
0.71568 0.403302
0.719859 0.403594
0.723209 0.408133
0.717058 0.411463
0.712624 0.406747
0.710341 0.410065
0.707069 0.407419
0.70372 0.40782
0.705962 0.412332
0.702557 0.413907
0.700741 0.417975
0.703492 0.420455
0.706031 0.418582
0.708856 0.415981
0.712663 0.415649
0.716497 0.419345
0.723114 0.425029
0.730095 0.420263
0.731859 0.425315
0.737604 0.422301
0.74068 0.420528
0.744206 0.422827
0.746906 0.424209
0.749218 0.427556
0.752198 0.429847
0.749537 0.431838
0.746903 0.429863
0.743995 0.429213
0.741955 0.425789
0.739376 0.427823
0.73531 0.429853
0.730589 0.432537
0.73309 0.437218
0.738133 0.434534
0.741342 0.434281
0.744502 0.433905
0.747064 0.436475
0.75024 0.435668
0.753927 0.434301
0.757525 0.436253
0.761041 0.437227
0.76536 0.439691
0.768044 0.441951
0.763576 0.443966
0.759951 0.441531
0.756689 0.442802
0.754464 0.439559
0.75022 0.439447
0.75161 0.443191
0.74718 0.442882
0.743157 0.443932
0.74393 0.43896
0.740655 0.440698
0.737948 0.43967
0.735307 0.442256
0.731768 0.443037
0.725716 0.441076
0.718402 0.4356
0.711407 0.435373
0.705397 0.436257
0.702154 0.436627
0.699282 0.439156
0.698179 0.443445
0.695167 0.444972
0.691777 0.444706
0.691251 0.449622
0.68742 0.447612
0.682979 0.448862
0.679614 0.449182
0.676989 0.448746
0.674816 0.4521
0.671418 0.449611
0.667799 0.451013
0.663779 0.451959
0.667054 0.455815
0.663575 0.457256
0.660104 0.456494
0.660514 0.460787
0.656089 0.460001
0.653802 0.464458
0.650284 0.468459
0.64648 0.466911
0.644209 0.463571
0.643812 0.458631
0.640426 0.459256
0.636696 0.462223
0.632189 0.462119
0.627234 0.460797
0.632146 0.45677
0.634954 0.457052
0.638909 0.454648
0.643926 0.453577
0.647246 0.450678
0.6502 0.453414
0.647456 0.45694
0.650337 0.459546
0.652454 0.457276
0.655983 0.454628
0.653128 0.451358
0.656186 0.449997
0.660099 0.451645
0.658864 0.446897
0.662045 0.447274
0.665456 0.446207
0.668837 0.446615
0.670787 0.4444
0.672699 0.441595
0.674677 0.44602
0.675893 0.441827
0.678304 0.44255
0.680564 0.444923
0.683962 0.444067
0.686897 0.441761
0.690371 0.439867
0.693958 0.438695
0.696696 0.435316
0.69718 0.432061
0.70101 0.431085
0.704668 0.430386
0.708653 0.430895
0.712706 0.429164
0.710157 0.425967
0.714318 0.424584
0.710329 0.421033
0.706037 0.424489
0.701559 0.425109
0.698331 0.427273
0.695127 0.428183
0.693472 0.432199
0.690981 0.429391
0.687917 0.427954
0.685442 0.424905
0.68212 0.425334
0.67948 0.424301
0.676732 0.424674
0.676413 0.42078
0.674093 0.423393
0.671491 0.423432
0.669202 0.420588
0.666419 0.421887
0.66379 0.424146
0.667886 0.425742
0.671297 0.428465
0.674063 0.428286
0.677414 0.428829
0.675183 0.432595
0.678151 0.433458
0.681477 0.433767
0.680653 0.429455
0.683812 0.429881
0.686208 0.432309
0.689958 0.433542
0.68707 0.436484
0.683683 0.437152
0.681351 0.440123
0.679365 0.437327
0.675525 0.437799
0.672844 0.43579
0.670038 0.433251
0.666808 0.431928
0.664365 0.428546
0.660825 0.426266
0.658501 0.429341
0.654825 0.429794
0.655589 0.433977
0.658901 0.43452
0.661913 0.432749
0.663842 0.436402
0.666888 0.437488
0.670065 0.438876
0.667056 0.441917
0.66288 0.441984
0.660032 0.439549
0.65701 0.442536
0.655509 0.438708
0.6518 0.43723
0.651824 0.433293
0.650674 0.428989
0.647598 0.431902
0.644866 0.428556
0.64088 0.431262
0.6435 0.434094
0.644463 0.438094
0.647827 0.436475
0.64732 0.44085
0.650696 0.441911
0.652843 0.444276
0.654894 0.445703
0.649858 0.44733
0.6467 0.445042
0.643277 0.445223
0.642589 0.44885
0.63913 0.44749
0.636661 0.449917
0.633221 0.450844
0.62946 0.451381
0.626365 0.453895
0.623116 0.457633
0.618732 0.452401
0.61674 0.457351
0.61386 0.460362
0.616318 0.465096
0.620771 0.465039
0.624973 0.467113
0.62847 0.466885
0.632641 0.468326
0.637527 0.468483
0.641799 0.469353
0.645166 0.47271
0.639033 0.474625
0.635451 0.474415
0.631174 0.474144
0.626933 0.472351
0.626576 0.476979
0.62557 0.481186
0.62235 0.482103
0.619345 0.484865
0.622337 0.486822
0.626086 0.486636
0.629327 0.483156
0.629282 0.479391
0.633131 0.480368
0.636802 0.480992
0.639367 0.484889
0.641357 0.480585
0.645715 0.478231
0.649379 0.474909
0.653075 0.473755
0.657751 0.471433
0.65826 0.465274
0.662607 0.463837
0.666007 0.461543
0.668847 0.460924
0.67207 0.460242
0.670924 0.45538
0.674571 0.457706
0.677278 0.456281
0.680321 0.454561
0.684169 0.45402
0.688522 0.453642
0.69235 0.454966
0.695602 0.45257
0.698543 0.456917
0.706173 0.460183
0.70445 0.45099
0.701339 0.450756
0.697846 0.449129
0.701595 0.445385
0.704359 0.442642
0.708664 0.443449
0.715335 0.445964
0.722992 0.454433
0.727237 0.457253
0.730834 0.460181
0.734229 0.45809
0.731692 0.454616
0.728794 0.449827
0.733602 0.448752
0.736619 0.448833
0.73879 0.445194
0.740226 0.450017
0.743578 0.448121
0.746518 0.449854
0.749311 0.448061
0.752357 0.447754
0.755415 0.446829
0.759675 0.446784
0.762111 0.448875
0.765801 0.448693
0.768165 0.447033
0.771363 0.444497
0.77213 0.440738
0.77286 0.437206
0.772828 0.433227
0.769156 0.435771
0.766295 0.434989
0.763222 0.433975
0.759797 0.431701
0.756315 0.429966
0.758597 0.426867
0.761304 0.424321
0.765435 0.42506
0.762949 0.428529
0.76618 0.430648
0.768717 0.428112
0.772056 0.428488
0.775522 0.429271
0.777975 0.43201
0.779619 0.427235
0.776786 0.42577
0.776761 0.42171
0.772732 0.422905
0.769 0.422079
0.765034 0.420027
0.767906 0.417056
0.770657 0.416837
0.773676 0.41858
0.775857 0.416088
0.779702 0.415678
0.781416 0.420618
0.783641 0.425316
0.786603 0.423268
0.789841 0.426249
0.793039 0.424346
0.795784 0.42646
0.79289 0.429698
0.794938 0.433094
0.797314 0.430798
0.80005 0.431267
0.803112 0.430228
0.805382 0.429547
0.799697 0.427274
0.801856 0.42504
0.798516 0.42219
0.795222 0.419897
0.791209 0.419771
0.787789 0.418691
0.784172 0.416029
0.786357 0.413308
0.79062 0.413898
0.793748 0.414825
0.79691 0.41203
0.79463 0.407695
0.796203 0.402488
0.791493 0.403923
0.787466 0.405057
0.789736 0.40916
0.784709 0.408588
0.781689 0.408485
0.777543 0.41132
0.772464 0.412565
0.770022 0.407607
0.773246 0.407331
0.777601 0.406263
0.775886 0.40188
0.771588 0.402852
0.768499 0.402936
0.765364 0.40225
0.762456 0.402182
0.759885 0.403491
0.756709 0.403402
0.754962 0.399277
0.751453 0.400402
0.74763 0.402844
0.750938 0.405374
0.753675 0.405158
0.756055 0.408199
0.758837 0.408118
0.761651 0.408118
0.765135 0.407904
0.767949 0.411105
0.765371 0.413241
0.761767 0.412894
0.763434 0.41627
0.761416 0.418557
0.758931 0.421194
0.755997 0.422969
0.753315 0.424811
0.749963 0.424055
0.750755 0.419534
0.753846 0.417592
0.756821 0.417494
0.758422 0.41356
0.754518 0.411433
0.751887 0.412684
0.749084 0.408775
0.74451 0.406286
0.740377 0.406598
0.737174 0.409779
0.74312 0.410851
0.746822 0.412762
0.74938 0.415646
0.746696 0.418913
0.743854 0.4159
0.740123 0.414863
0.734732 0.416013
0.730355 0.412692
0.731923 0.402823
0.736322 0.400544
0.740215 0.399605
0.742983 0.401966
0.745124 0.398161
0.748731 0.397745
0.751299 0.394561
0.755077 0.394642
0.75422 0.39074
0.755328 0.386911
0.758798 0.38884
0.762571 0.388803
0.765921 0.387182
0.768983 0.384733
0.772102 0.385683
0.775582 0.387408
0.772969 0.390266
0.768907 0.39016
0.765941 0.393475
0.761941 0.392964
0.758745 0.394739
0.758797 0.398824
0.76318 0.397518
0.768525 0.397946
0.770776 0.394167
0.773037 0.397832
0.775071 0.39427
0.777785 0.392656
0.780852 0.393183
0.783225 0.389062
0.779175 0.386844
0.779679 0.382548
0.784109 0.382876
0.787907 0.387618
0.790459 0.384147
0.792894 0.387854
0.796205 0.390435
0.792312 0.392837
0.787319 0.39346
0.783182 0.396274
0.779921 0.398957
0.782291 0.402341
0.786382 0.400245
0.789949 0.398388
0.793573 0.398683
0.796532 0.396015
0.799566 0.39904
0.812854 0.399936
0.804691 0.397029
0.801565 0.395648
0.799431 0.392655
0.802598 0.387407
0.796462 0.383479
0.793731 0.380508
0.796786 0.376144
0.791452 0.377721
0.787605 0.379358
0.785388 0.374987
0.782295 0.378535
0.778033 0.377564
0.775682 0.381538
0.772712 0.380558
0.769701 0.379289
0.77267 0.37595
0.77546 0.372947
0.77834 0.372284
0.781619 0.37241
0.784632 0.370814
0.787885 0.369106
0.789561 0.373131
0.793093 0.371671
0.796866 0.369987
0.796584 0.363682
0.809391 0.362425
0.803396 0.361444
0.799207 0.359316
0.795031 0.35612
0.791138 0.355562
0.78746 0.35191
0.783482 0.352033
0.780832 0.354725
0.778087 0.356797
0.775041 0.359554
0.778381 0.361374
0.781626 0.360643
0.784406 0.357099
0.787784 0.358989
0.792745 0.360678
0.792227 0.366129
0.788991 0.36348
0.784976 0.364672
0.781688 0.366236
0.778566 0.366428
0.775545 0.365884
0.772809 0.363672
0.769893 0.360012
0.768159 0.362941
0.766628 0.366839
0.770419 0.366899
0.773238 0.37001
0.770087 0.371548
0.766392 0.371436
0.768086 0.37463
0.765814 0.377798
0.762333 0.37954
0.765567 0.381614
0.761941 0.384128
0.758094 0.384862
0.755521 0.381234
0.758268 0.377913
0.754406 0.376549
0.752257 0.378948
0.749641 0.380299
0.752233 0.384378
0.750836 0.388927
0.748413 0.387309
0.745086 0.388619
0.746607 0.392949
0.740849 0.393617
0.740767 0.388706
0.736703 0.388734
0.734357 0.394654
0.728547 0.395939
0.722042 0.394998
0.717403 0.396717
0.711812 0.396865
0.708116 0.397268
0.703944 0.39584
0.700812 0.3986
0.697624 0.397824
0.693211 0.39765
0.695266 0.394045
0.699566 0.393395
0.701672 0.390224
0.705292 0.388835
0.708595 0.391747
0.713003 0.392372
0.717417 0.390742
0.720171 0.386358
0.718548 0.380469
0.724715 0.381409
0.730022 0.386985
0.733134 0.380529
0.729913 0.375922
0.727384 0.372671
0.724328 0.369483
0.722883 0.373686
0.719473 0.375444
0.715323 0.370905
0.71183 0.369694
0.707983 0.369206
0.704503 0.367579
0.701356 0.368267
0.696672 0.367831
0.691115 0.365628
0.685891 0.366519
0.689761 0.372421
0.694663 0.373404
0.698654 0.373623
0.703161 0.373433
0.706219 0.377928
0.709973 0.375433
0.715127 0.37675
0.713019 0.380049
0.71451 0.385646
0.710121 0.385534
0.706686 0.382477
0.701888 0.37967
0.701469 0.384453
0.698086 0.387318
0.695274 0.389621
0.691734 0.386699
0.69426 0.383735
0.697174 0.379716
0.692411 0.378827
0.689548 0.381857
0.686053 0.386056
0.685979 0.391293
0.691142 0.391926
0.689844 0.396052
0.686336 0.396386
0.682221 0.393059
0.681441 0.397487
0.67823 0.395657
0.675085 0.396538
0.673127 0.399824
0.66907 0.400622
0.663795 0.401379
0.666235 0.396283
0.661105 0.396159
0.656254 0.394814
0.650044 0.396306
0.645757 0.395981
0.641644 0.394222
0.638398 0.396283
0.635229 0.396325
0.634003 0.392134
0.630406 0.394238
0.627013 0.393806
0.6234 0.395564
0.623726 0.401156
0.628445 0.399397
0.632201 0.39761
0.634136 0.400705
0.637789 0.401274
0.641915 0.400324
0.646914 0.401402
0.649857 0.405082
0.644568 0.40565
0.641343 0.405757
0.638329 0.407067
0.635634 0.405161
0.633389 0.408836
0.632639 0.404497
0.62974 0.40499
0.626552 0.404881
0.623514 0.408933
0.619605 0.407218
0.614424 0.409675
0.608804 0.412277
0.606165 0.405551
0.612133 0.40285
0.617156 0.397816
0.613549 0.392848
0.605759 0.387751
0.600799 0.392864
0.60423 0.397439
0.598049 0.401119
0.595684 0.408948
0.602702 0.41264
0.601187 0.420885
0.592472 0.417836
0.584576 0.416116
0.577331 0.416684
0.573441 0.414267
0.57052 0.418286
0.566653 0.418479
0.569072 0.413258
0.571501 0.408477
0.577552 0.408492
0.573872 0.402617
0.576728 0.401334
0.587106 0.397782
0.576978 0.393881
0.57304 0.394241
0.570835 0.389566
0.574336 0.386269
0.574343 0.378807
0.570726 0.378492
0.566502 0.374911
0.561296 0.373502
0.564865 0.370342
0.569116 0.371257
0.573093 0.371084
0.571131 0.365473
0.578096 0.360556
0.572168 0.355739
0.559192 0.349496
0.563496 0.35079
0.567772 0.351218
0.571838 0.34938
0.573807 0.34429
0.57497 0.337096
0.572292 0.334229
0.569782 0.331408
0.573612 0.330489
0.595656 0.344949
0.606669 0.35543
0.617512 0.352882
0.613411 0.340793
0.611298 0.332124
0.623197 0.336741
0.637358 0.335527
0.642082 0.330605
0.647021 0.329371
0.650894 0.331202
0.649033 0.334763
0.652313 0.337542
0.648103 0.338294
0.643852 0.337574
0.644398 0.342927
0.641741 0.344455
0.637303 0.343185
0.639475 0.347426
0.638882 0.352314
0.635751 0.351745
0.632262 0.348136
0.630605 0.356331
0.637755 0.357583
0.6414 0.356189
0.644003 0.359024
0.640024 0.360773
0.636609 0.361975
0.633182 0.362001
0.630448 0.365429
0.62388 0.365145
0.612962 0.365884
0.601679 0.363847
0.593449 0.368165
0.585909 0.380185
0.59511 0.389295
0.598376 0.380418
0.604111 0.37345
0.609148 0.37959
0.615936 0.382015
0.620734 0.375198
0.626741 0.378068
0.628635 0.371598
0.630954 0.374726
0.634385 0.37441
0.637044 0.375853
0.64076 0.377567
0.645232 0.37679
0.650022 0.376112
0.654321 0.37759
0.65824 0.371933
0.651744 0.370417
0.646917 0.371468
0.643269 0.371413
0.640412 0.372254
0.637395 0.370234
0.63297 0.369433
0.635618 0.365898
0.639925 0.366031
0.642937 0.364406
0.647058 0.366667
0.64722 0.362413
0.651624 0.365399
0.655494 0.365772
0.66084 0.366927
0.665448 0.369784
0.668476 0.373512
0.673986 0.377807
0.67096 0.381668
0.666582 0.380871
0.661874 0.378129
0.657551 0.382289
0.651972 0.383196
0.647695 0.38159
0.643978 0.382724
0.640202 0.383305
0.637293 0.381214
0.63412 0.38248
0.632828 0.379003
0.62979 0.383883
0.624202 0.383634
0.620348 0.388965
0.624545 0.389366
0.629683 0.388943
0.633197 0.387162
0.636603 0.386813
0.63837 0.390592
0.642063 0.38771
0.644639 0.390534
0.647442 0.387866
0.65175 0.390394
0.656433 0.388232
0.662522 0.389761
0.668745 0.389253
0.671061 0.394065
0.673949 0.388768
0.676315 0.392509
0.678714 0.388763
0.68144 0.38645
0.678562 0.382181
0.68235 0.378555
0.686332 0.377997
0.683286 0.371459
0.67908 0.369197
0.67601 0.371967
0.672304 0.366506
0.676476 0.362152
0.681428 0.362203
0.685498 0.3607
0.690417 0.35853
0.69516 0.360233
0.699917 0.362777
0.703475 0.360806
0.707577 0.362495
0.706848 0.357166
0.710544 0.358407
0.714249 0.359563
0.712505 0.3644
0.716711 0.363346
0.719277 0.367039
0.72233 0.362183
0.726691 0.362312
0.728797 0.366526
0.733326 0.366706
0.737634 0.365044
0.74204 0.36734
0.740824 0.372298
0.735853 0.373108
0.737995 0.377423
0.740048 0.382115
0.74302 0.383925
0.74623 0.383445
0.744706 0.379419
0.743023 0.375623
0.747212 0.376465
0.749884 0.372647
0.745577 0.371848
0.746657 0.366645
0.749744 0.36606
0.752775 0.363761
0.756632 0.365895
0.753425 0.369738
0.756813 0.372159
0.760067 0.3729
0.763029 0.373069
0.763604 0.368831
0.759812 0.367391
0.763278 0.364613
0.760942 0.362298
0.757915 0.361771
0.755064 0.360299
0.751072 0.359589
0.747689 0.360464
0.743892 0.361763
0.746576 0.357094
0.743155 0.35504
0.739189 0.357865
0.732612 0.360619
0.729081 0.356741
0.732191 0.354973
0.735817 0.352149
0.739895 0.351899
0.743489 0.348975
0.747144 0.352438
0.750262 0.355106
0.753902 0.354812
0.756784 0.355212
0.759376 0.357206
0.762375 0.35789
0.765516 0.359877
0.765386 0.355476
0.768807 0.354777
0.772222 0.356963
0.774984 0.354038
0.777755 0.350915
0.780723 0.347599
0.784365 0.347303
0.788426 0.3463
0.791779 0.349944
0.795292 0.343928
0.790307 0.342143
0.785658 0.341681
0.782601 0.341473
0.780451 0.33994
0.778177 0.343792
0.775877 0.341455
0.773372 0.340306
0.769129 0.340241
0.770248 0.335915
0.766745 0.336395
0.764342 0.33421
0.762112 0.330505
0.757706 0.330837
0.760578 0.335392
0.757881 0.337703
0.754838 0.334697
0.750247 0.331208
0.754135 0.326324
0.757656 0.32653
0.760352 0.325493
0.762914 0.324648
0.765817 0.327562
0.76824 0.329919
0.771258 0.330026
0.774683 0.331637
0.773515 0.335964
0.776968 0.334939
0.778834 0.336752
0.783225 0.334428
0.787094 0.336951
0.791269 0.336215
0.788821 0.332207
0.78636 0.329322
0.783036 0.327586
0.780165 0.330672
0.777446 0.327118
0.774157 0.325756
0.772605 0.322261
0.769163 0.32252
0.77025 0.318006
0.765556 0.319499
0.761842 0.318718
0.758658 0.321346
0.755028 0.321127
0.751242 0.320418
0.747665 0.324611
0.742543 0.327206
0.736878 0.324782
0.732984 0.328627
0.730274 0.322839
0.725771 0.321348
0.72685 0.327798
0.72085 0.32809
0.715577 0.328976
0.717042 0.32511
0.713104 0.325478
0.712731 0.320445
0.708414 0.321305
0.704886 0.317733
0.701389 0.317389
0.698077 0.317526
0.695798 0.319753
0.693254 0.319682
0.690987 0.323178
0.694508 0.323665
0.698063 0.323454
0.703168 0.322739
0.70661 0.32524
0.709827 0.325403
0.709473 0.329837
0.705801 0.330492
0.703796 0.327457
0.700636 0.327311
0.701033 0.33181
0.697538 0.331544
0.696041 0.327987
0.692444 0.32778
0.689526 0.32965
0.687992 0.325732
0.685944 0.328426
0.683791 0.331712
0.68719 0.334016
0.690767 0.33422
0.694092 0.33228
0.693669 0.336805
0.696905 0.338066
0.698894 0.335738
0.701887 0.336727
0.704271 0.333919
0.707783 0.334677
0.713158 0.334414
0.716665 0.336202
0.720462 0.335715
0.725446 0.336404
0.730496 0.334673
0.73607 0.336355
0.738195 0.330607
0.743596 0.334931
0.748623 0.337388
0.752078 0.338864
0.755663 0.341906
0.758593 0.344376
0.762022 0.345696
0.762643 0.339875
0.765521 0.343305
0.767732 0.34612
0.771059 0.345103
0.77466 0.347541
0.772455 0.351458
0.769935 0.350334
0.766706 0.350289
0.764171 0.349921
0.761437 0.351561
0.758546 0.35123
0.755795 0.34864
0.753124 0.346013
0.75119 0.349014
0.747267 0.348649
0.748458 0.344671
0.744021 0.34289
0.74019 0.345356
0.736224 0.344299
0.730752 0.342197
0.724987 0.343312
0.720958 0.346445
0.72481 0.348134
0.730746 0.349648
0.726671 0.353003
0.723853 0.356301
0.720162 0.354817
0.717444 0.356051
0.713615 0.35341
0.709675 0.352393
0.707005 0.350438
0.703814 0.352816
0.699893 0.355568
0.694133 0.35361
0.692066 0.349769
0.687889 0.353549
0.683421 0.351815
0.681715 0.356327
0.677392 0.355994
0.678147 0.350391
0.674057 0.350164
0.669901 0.348625
0.663915 0.347567
0.661135 0.344767
0.65767 0.345507
0.656776 0.349406
0.653125 0.353376
0.657651 0.353943
0.661494 0.353384
0.665378 0.352691
0.668593 0.354075
0.672196 0.35444
0.670343 0.359648
0.667023 0.35974
0.661667 0.359629
0.657229 0.359442
0.651812 0.360236
0.648957 0.35717
0.645436 0.354431
0.642304 0.350227
0.645443 0.348995
0.648426 0.351359
0.651538 0.349133
0.65294 0.345897
0.648456 0.346144
0.647336 0.342183
0.650488 0.341556
0.654922 0.341155
0.658905 0.340808
0.661669 0.338116
0.665541 0.338834
0.664544 0.342704
0.668291 0.343577
0.671369 0.344053
0.674443 0.344405
0.677777 0.344735
0.681121 0.346905
0.684608 0.345724
0.688788 0.345846
0.69249 0.345274
0.696073 0.347424
0.698724 0.350085
0.702853 0.34775
0.705282 0.343988
0.70854 0.345393
0.712483 0.347616
0.716395 0.3475
0.718888 0.341848
0.714638 0.342179
0.711474 0.341736
0.70771 0.339384
0.70415 0.339483
0.700686 0.342131
0.697132 0.34288
0.693547 0.341495
0.690517 0.339545
0.687464 0.34016
0.684502 0.337813
0.681168 0.340728
0.676728 0.339414
0.672473 0.33947
0.669151 0.337972
0.665781 0.335135
0.667931 0.332771
0.67189 0.334287
0.674717 0.334243
0.67747 0.334763
0.681096 0.335452
0.679839 0.331259
0.676323 0.329565
0.672779 0.328761
0.669818 0.329898
0.669626 0.325306
0.673273 0.322914
0.674701 0.325344
0.677113 0.324393
0.679733 0.325745
0.682849 0.326697
0.685071 0.323648
0.687308 0.319925
0.68979 0.318193
0.692384 0.315916
0.695645 0.313532
0.698588 0.309366
0.703088 0.307923
0.702928 0.312872
0.70776 0.313471
0.71176 0.313715
0.716065 0.313102
0.721334 0.316642
0.727385 0.313798
0.731344 0.31574
0.736913 0.318181
0.742912 0.319274
0.742504 0.312957
0.746694 0.311839
0.750268 0.311916
0.754527 0.31147
0.754009 0.315714
0.757684 0.3156
0.759764 0.312763
0.757993 0.308548
0.754527 0.306983
0.751409 0.306635
0.747788 0.304258
0.743493 0.303006
0.738932 0.302342
0.739115 0.308622
0.735591 0.312232
0.734208 0.30598
0.730268 0.304433
0.728153 0.308073
0.724113 0.306534
0.718977 0.305835
0.724945 0.299511
0.730931 0.297165
0.736201 0.293026
0.740919 0.292238
0.745315 0.292679
0.743093 0.298143
0.746186 0.298202
0.749139 0.297959
0.751489 0.300358
0.755142 0.301576
0.753741 0.295425
0.758329 0.293686
0.762128 0.291898
0.765437 0.287979
0.762062 0.284213
0.758439 0.286737
0.754438 0.287954
0.749727 0.292344
0.747571 0.287392
0.743584 0.28779
0.741814 0.28452
0.737759 0.285373
0.732725 0.287768
0.728098 0.290091
0.723496 0.290996
0.719325 0.294194
0.71443 0.288664
0.70961 0.288807
0.710312 0.295079
0.715188 0.299848
0.706913 0.303208
0.70101 0.297247
0.694847 0.302345
0.6892 0.299803
0.681383 0.299732
0.682915 0.286845
0.691989 0.28061
0.698153 0.286577
0.703085 0.283784
0.697955 0.275703
0.704908 0.274852
0.709707 0.280172
0.713613 0.280474
0.716727 0.273209
0.710138 0.270238
0.711604 0.260108
0.698638 0.263048
0.685428 0.268623
0.672075 0.260067
0.65411 0.261072
0.661206 0.277132
0.673967 0.281496
0.664993 0.288788
0.662875 0.297986
0.653469 0.297841
0.641524 0.293146
0.646248 0.281588
0.631926 0.283901
0.618704 0.293178
0.622279 0.30772
0.631649 0.304658
0.638239 0.302011
0.648181 0.308864
0.655926 0.317032
0.660141 0.317677
0.662605 0.30988
0.670351 0.310407
0.675738 0.306291
0.682014 0.306354
0.687466 0.309398
0.690861 0.312084
0.684677 0.315327
0.679837 0.31336
0.681274 0.317132
0.683009 0.320175
0.679718 0.32029
0.676604 0.319282
0.673198 0.317514
0.669407 0.319977
0.665381 0.321256
0.66113 0.32615
0.666492 0.327206
0.665217 0.331446
0.661334 0.333332
0.658126 0.336294
0.654881 0.334863
0.658364 0.331225
0.655064 0.329424
0.651519 0.323691
0.647431 0.320623
0.636848 0.319027
0.626655 0.321724
0.618942 0.320067
0.59984 0.312676
0.577672 0.311622
0.572678 0.307103
0.585362 0.289604
0.589319 0.285913
0.585235 0.284197
0.581684 0.281582
0.602524 0.269091
0.602764 0.263942
0.598312 0.262266
0.620773 0.243165
0.6244 0.246744
0.639468 0.229894
0.63893 0.223772
0.637399 0.217761
0.640689 0.21061
0.643434 0.215704
0.641782 0.221134
0.647278 0.226201
0.648723 0.22123
0.660714 0.210914
0.658507 0.200662
0.679767 0.164692
0.684801 0.181461
0.685201 0.184025
0.682342 0.189368
0.686451 0.191395
0.687524 0.197536
0.682842 0.196935
0.682456 0.203262
0.682734 0.208796
0.686825 0.203464
0.689418 0.207534
0.69122 0.214756
0.687196 0.215204
0.682392 0.217526
0.678247 0.220928
0.672672 0.220459
0.67673 0.232159
0.683358 0.231066
0.685919 0.242697
0.690661 0.230707
0.684666 0.224643
0.689421 0.222279
0.694695 0.22125
0.702116 0.210988
0.715117 0.216249
0.70913 0.220412
0.711538 0.227686
0.717454 0.228359
0.7224 0.222912
0.722423 0.216389
0.72564 0.214462
0.719674 0.211533
0.723403 0.205887
0.726248 0.204709
0.728435 0.183404
0.81114 0.177355
0.751374 0.204147
0.739861 0.227853
0.731202 0.237906
0.737651 0.239032
0.745071 0.242496
0.750878 0.249504
0.756769 0.247554
0.75416 0.254236
0.748703 0.259643
0.745534 0.255474
0.741729 0.257971
0.744441 0.262097
0.740532 0.264698
0.736229 0.265101
0.73207 0.261889
0.736379 0.259414
0.732615 0.256155
0.734983 0.252372
0.739018 0.253059
0.742235 0.251677
0.738294 0.248045
0.734029 0.245256
0.72908 0.245442
0.725336 0.242229
0.720281 0.240977
0.724854 0.235172
0.719276 0.235148
0.714139 0.234831
0.704431 0.247043
0.716136 0.246629
0.721955 0.247193
0.725947 0.250875
0.7305 0.251237
0.728213 0.257133
0.724464 0.260501
0.722108 0.26561
0.727936 0.264316
0.731396 0.266818
0.733899 0.270416
0.737741 0.270385
0.740994 0.269731
0.745915 0.267383
0.749456 0.265356
0.751206 0.270056
0.754902 0.272697
0.751142 0.276438
0.747269 0.273466
0.743706 0.273914
0.740612 0.274351
0.737762 0.276339
0.73455 0.274965
0.729632 0.272377
0.72641 0.276664
0.722368 0.279168
0.718803 0.283785
0.726029 0.284553
0.731133 0.282038
0.735199 0.281265
0.739604 0.281213
0.742163 0.278129
0.745325 0.280717
0.749124 0.281515
0.754029 0.281318
0.758897 0.278254
0.76515 0.272604
0.761544 0.264382
0.764689 0.26008
0.785468 0.259897
0.771258 0.271676
0.768244 0.277565
0.774517 0.282378
0.773179 0.292882
0.778759 0.297077
0.782463 0.298911
0.787784 0.295307
0.784917 0.30532
0.780906 0.307352
0.778637 0.304727
0.77399 0.303692
0.770632 0.300987
0.767105 0.299145
0.767396 0.293523
0.763179 0.296577
0.759717 0.300808
0.76359 0.303074
0.766907 0.304907
0.769994 0.307418
0.764877 0.310448
0.768066 0.313606
0.771911 0.311519
0.776367 0.311375
0.773739 0.316345
0.776343 0.320765
0.780084 0.323157
0.782528 0.319806
0.778689 0.316018
0.782269 0.313792
0.785487 0.31664
0.787909 0.312943
0.792149 0.311486
0.790035 0.318272
0.785861 0.322571
0.789176 0.325295
0.792172 0.329469
0.796322 0.329032
0.807342 0.333519
0.813926 0.331707
0.830739 0.33405
0.876092 0.283402
0.883631 0.356736
0.888804 0.363989
0.891191 0.371452
0.885745 0.366217
0.882089 0.362529
0.88192 0.358529
0.872719 0.355483
0.856294 0.367328
0.846131 0.36923
0.848997 0.37464
0.853704 0.378402
0.85867 0.380912
0.864315 0.380239
0.861166 0.389741
0.868376 0.391928
0.868966 0.407107
0.879385 0.435986
0.872244 0.451594
0.87458 0.454974
0.869088 0.455142
0.863939 0.45466
0.864472 0.448895
0.858074 0.448705
0.854645 0.447116
0.847615 0.446286
0.850879 0.448156
0.853827 0.452179
0.856939 0.45526
0.859604 0.45839
0.862276 0.463168
0.865786 0.461385
0.870617 0.461265
0.874481 0.460881
0.87754 0.457608
0.87988 0.455671
0.883732 0.453844
0.885794 0.459613
0.882178 0.460683
0.879355 0.464059
0.876664 0.464463
0.873182 0.4654
0.867985 0.46483
0.864613 0.467057
0.867292 0.471132
0.870261 0.468724
0.873333 0.469939
0.876939 0.469891
0.880703 0.470116
0.882064 0.466723
0.884962 0.465806
0.888104 0.464832
0.890187 0.469913
0.887336 0.47042
0.884605 0.471676
0.889949 0.474481
0.892644 0.478129
0.889116 0.480374
0.886248 0.478351
0.883545 0.476322
0.880653 0.474703
0.876854 0.474983
0.873285 0.474974
0.869905 0.475995
0.87258 0.481227
0.875891 0.481005
0.879515 0.479717
0.881863 0.483981
0.887192 0.487018
0.89155 0.483892
0.895225 0.482123
0.898003 0.484421
0.901344 0.485047
0.904771 0.482783
0.907666 0.484744
0.911145 0.486707
0.913747 0.490286
0.917246 0.489033
0.920648 0.488237
0.916357 0.484562
0.913231 0.482218
0.909704 0.480408
0.906383 0.477592
0.902675 0.479231
0.899366 0.479439
0.899811 0.474245
0.902955 0.474266
0.901121 0.469045
0.899366 0.465612
0.904184 0.46882
0.906398 0.471626
0.909251 0.473625
0.912473 0.476027
0.916119 0.47828
0.920069 0.481191
0.923615 0.483608
0.926984 0.487147
0.930537 0.488803
0.923898 0.491258
0.920108 0.493299
0.916283 0.494509
0.911946 0.495766
0.906341 0.495621
0.909982 0.492592
0.907517 0.489734
0.904179 0.488928
0.901806 0.492136
0.898398 0.493646
0.894538 0.492927
0.897743 0.488894
0.893756 0.48775
0.890043 0.491338
0.884348 0.491092
0.879739 0.490439
0.877477 0.485976
0.874728 0.488712
0.857547 0.498051
0.848598 0.494878
0.842453 0.492849
0.850094 0.543172
0.834273 0.583248
0.83721 0.587865
0.842512 0.591315
0.837953 0.594277
0.832846 0.593171
0.829006 0.5901
0.8248 0.588512
0.804693 0.595273
0.810402 0.604758
0.813653 0.608724
0.807328 0.612042
0.813916 0.616234
0.809421 0.619202
0.813084 0.624331
0.812796 0.633347
0.80863 0.635045
0.79991 0.653578
0.794978 0.651859
0.790143 0.651879
0.791341 0.644878
0.785554 0.649293
0.779369 0.671869
0.744779 0.670601
0.744477 0.677547
0.736729 0.677776
0.700744 0.672018
0.704171 0.669753
0.701489 0.665206
0.703982 0.663645
0.703338 0.658122
0.703595 0.651705
0.673653 0.657176
0.669695 0.648718
0.674125 0.647609
0.673614 0.638385
0.628061 0.637859
0.629751 0.628561
0.596108 0.611053
0.594022 0.616716
0.594161 0.621964
0.590743 0.621685
0.58681 0.620655
0.587321 0.624994
0.58423 0.625325
0.58122 0.623864
0.578404 0.622252
0.576886 0.625692
0.578207 0.630098
0.582155 0.629628
0.585044 0.631873
0.587617 0.629835
0.59091 0.627841
0.593976 0.627803
0.593987 0.63466
0.590786 0.633807
0.58778 0.636501
0.583946 0.638206
0.580856 0.634948
0.576762 0.635371
0.579108 0.640229
0.574857 0.64015
0.571896 0.644113
0.576239 0.646357
0.580766 0.645225
0.584891 0.643988
0.588979 0.642766
0.593212 0.641921
0.591671 0.650604
0.594677 0.653413
0.590621 0.655146
0.587231 0.653747
0.584124 0.651107
0.581399 0.654719
0.578447 0.652595
0.575637 0.654122
0.572198 0.650259
0.568404 0.650215
0.564829 0.654782
0.561309 0.65919
0.565651 0.66023
0.568857 0.657705
0.572807 0.657432
0.577036 0.658945
0.580191 0.659422
0.583949 0.657347
0.587011 0.659186
0.590659 0.660086
0.594392 0.65912
0.598166 0.657543
0.598237 0.653238
0.602468 0.655684
0.607717 0.657306
0.612539 0.660411
0.607892 0.662782
0.604509 0.660649
0.600819 0.661825
0.597206 0.663622
0.593461 0.66518
0.591472 0.669777
0.586582 0.671131
0.588928 0.66524
0.585521 0.664438
0.582005 0.663182
0.582879 0.668526
0.579207 0.669281
0.576113 0.672069
0.573248 0.674093
0.569687 0.675251
0.567317 0.679464
0.571485 0.679754
0.575217 0.679348
0.579056 0.679416
0.578942 0.674945
0.583063 0.674299
0.583029 0.679279
0.587324 0.678461
0.590425 0.674872
0.594414 0.675145
0.596783 0.670684
0.600271 0.669013
0.603835 0.666773
0.620273 0.676609
0.646198 0.715026
0.658404 0.718167
0.662847 0.7279
0.654572 0.72798
0.650835 0.722759
0.647694 0.727142
0.643391 0.728429
0.633902 0.729284
0.646295 0.73952
0.652935 0.750446
0.664774 0.779047
0.669394 0.781428
0.672858 0.777871
0.673237 0.78484
0.667341 0.785725
0.670618 0.789917
0.675095 0.790582
0.673 0.796027
0.67661 0.799732
0.67362 0.803245
0.675192 0.809202
0.67813 0.805337
0.68121 0.801981
0.682696 0.806915
0.679815 0.810542
0.684264 0.812592
0.681419 0.81552
0.677047 0.815979
0.679215 0.819268
0.681793 0.822203
0.684563 0.819439
0.687441 0.816384
0.687736 0.822788
0.684727 0.825725
0.683468 0.83003
0.686926 0.830894
0.689328 0.828043
0.691916 0.831142
0.695941 0.832295
0.699545 0.832556
0.703666 0.830087
0.708682 0.827414
0.706407 0.822981
0.7033 0.824897
0.699487 0.82708
0.696076 0.824792
0.695308 0.818587
0.699397 0.820763
0.702941 0.819334
0.706464 0.815804
0.702847 0.8145
0.69956 0.813078
0.696864 0.814489
0.694319 0.810778
0.697778 0.806698
0.693291 0.80501
0.695729 0.80046
0.69226 0.798766
0.690348 0.793386
0.694066 0.792348
0.697939 0.790492
0.695516 0.786521
0.6907 0.787496
0.688287 0.784095
0.687039 0.778944
0.691097 0.780013
0.694658 0.78186
0.693819 0.776065
0.690061 0.774492
0.686001 0.774282
0.68411 0.770299
0.687428 0.76871
0.682829 0.765818
0.685545 0.762162
0.681356 0.760912
0.67881 0.75612
0.682616 0.755763
0.686469 0.755778
0.688852 0.76061
0.689903 0.765492
0.691879 0.770198
0.701415 0.774148
0.704644 0.770988
0.708987 0.771928
0.710849 0.768142
0.715496 0.767479
0.712979 0.764171
0.708485 0.764376
0.705449 0.765775
0.701713 0.764792
0.705455 0.759439
0.701754 0.756675
0.70404 0.751919
0.699246 0.748256
0.707581 0.749136
0.712018 0.748594
0.716034 0.749718
0.716428 0.743422
0.738072 0.727593
0.719863 0.745925
0.719527 0.753055
0.716387 0.755296
0.712499 0.753727
0.708456 0.75405
0.709638 0.759386
0.713225 0.758711
0.716519 0.760866
0.720331 0.759055
0.719464 0.764907
0.718413 0.770241
0.721287 0.773599
0.717049 0.775653
0.713646 0.772781
0.712031 0.778013
0.707666 0.776585
0.704494 0.778336
0.702106 0.782851
0.706209 0.785152
0.709181 0.782448
0.712707 0.78466
0.715872 0.780525
0.720278 0.780674
0.717769 0.784605
0.715555 0.787797
0.720293 0.788399
0.720356 0.79471
0.71722 0.792774
0.712813 0.791289
0.709289 0.78955
0.70339 0.789286
0.706496 0.793118
0.70269 0.795402
0.698014 0.795361
0.699579 0.800368
0.701944 0.804382
0.701803 0.809103
0.705766 0.808811
0.709081 0.811288
0.712439 0.811043
0.714351 0.807001
0.711736 0.803978
0.708078 0.804229
0.704899 0.800615
0.708174 0.797665
0.711554 0.79775
0.714318 0.795935
0.716398 0.799644
0.720202 0.800359
0.716937 0.804599
0.72046 0.806676
0.717015 0.811255
0.72116 0.812516
0.719027 0.817049
0.723393 0.819084
0.720182 0.824184
0.71671 0.821533
0.71475 0.816528
0.711296 0.816393
0.708998 0.819897
0.712206 0.823039
0.714961 0.826368
0.717228 0.829712
0.721206 0.829809
0.718814 0.834318
0.721456 0.837552
0.718247 0.841699
0.722004 0.843823
0.719309 0.847777
0.721987 0.85101
0.720245 0.85693
0.717919 0.853416
0.714214 0.854928
0.710638 0.854907
0.707219 0.855567
0.710216 0.860002
0.714344 0.859764
0.718315 0.861557
0.721982 0.863128
0.718499 0.867525
0.714935 0.865185
0.711802 0.863936
0.710702 0.868115
0.714479 0.870934
0.718646 0.873118
0.722014 0.870399
0.722006 0.876689
0.73447 0.882376
0.72218 0.882452
0.719139 0.885162
0.714857 0.886248
0.717595 0.89029
0.722133 0.889147
0.722938 0.895727
0.719631 0.895227
0.715846 0.895509
0.716541 0.900658
0.720451 0.900954
0.724289 0.904136
0.722678 0.909081
0.718617 0.906288
0.714011 0.903999
0.711638 0.907675
0.715355 0.910203
0.719285 0.913163
0.723023 0.915568
0.723075 0.921958
0.719233 0.920032
0.714903 0.9233
0.717536 0.927082
0.720624 0.927622
0.723684 0.927644
0.723545 0.933744
0.720364 0.935239
0.717309 0.933973
0.713349 0.937001
0.709873 0.940383
0.713243 0.94309
0.716362 0.939929
0.719203 0.941166
0.722223 0.939734
0.724611 0.941327
0.724841 0.947648
0.721426 0.945168
0.717048 0.946064
0.720208 0.949708
0.717256 0.952773
0.720701 0.955216
0.723201 0.951908
0.725293 0.954901
0.72516 0.959713
0.721032 0.959513
0.719169 0.964286
0.723098 0.96376
0.726465 0.96542
0.73153 0.964566
0.735642 0.968066
0.739784 0.968137
0.741993 0.964219
0.742959 0.958845
0.738711 0.95964
0.73606 0.962889
0.733703 0.958648
0.736281 0.953627
0.740652 0.954031
0.744955 0.953433
0.742808 0.948894
0.738268 0.948256
0.740012 0.943307
0.74425 0.943241
0.746582 0.946738
0.748205 0.939898
0.744856 0.93776
0.741065 0.937719
0.742933 0.931355
0.74674 0.933379
0.750088 0.933807
0.751465 0.928231
0.746978 0.927518
0.74388 0.922792
0.739951 0.915232
0.747138 0.918173
0.74948 0.9228
0.753423 0.922718
0.755539 0.916845
0.751648 0.917056
0.749582 0.911639
0.753584 0.910623
0.757242 0.911098
0.758872 0.906505
0.751998 0.904514
0.755515 0.903152
0.760435 0.901667
0.756998 0.897433
0.757401 0.89188
0.760873 0.892444
0.762749 0.897018
0.765383 0.892027
0.763291 0.888241
0.76032 0.885176
0.764279 0.883559
0.767463 0.886391
0.769968 0.882125
0.770752 0.877559
0.767018 0.879424
0.763395 0.878051
0.766862 0.872286
0.770048 0.872231
0.773461 0.874491
0.775991 0.869655
0.771863 0.868566
0.770894 0.863869
0.775066 0.864025
0.77885 0.864273
0.781899 0.859665
0.778866 0.858182
0.774756 0.858286
0.777989 0.853388
0.78089 0.849807
0.783868 0.855141
0.785351 0.85047
0.788419 0.850212
0.790651 0.846125
0.787219 0.84421
0.783097 0.845002
0.785062 0.839506
0.789969 0.83914
0.792874 0.843011
0.795764 0.841375
0.794229 0.837554
0.798437 0.837424
0.802599 0.834422
0.799839 0.832362
0.795974 0.832916
0.791702 0.83334
0.786824 0.834357
0.788911 0.829279
0.791438 0.824429
0.794166 0.828165
0.798227 0.827878
0.80221 0.827025
0.805048 0.830668
0.808182 0.829993
0.811458 0.827794
0.807841 0.825315
0.804701 0.822941
0.808324 0.820727
0.808286 0.815643
0.804715 0.816621
0.7997 0.81599
0.802032 0.81937
0.799486 0.822404
0.796007 0.82217
0.792974 0.818526
0.794884 0.810513
0.789985 0.805388
0.785714 0.800496
0.781611 0.79883
0.778136 0.797133
0.778946 0.792606
0.775318 0.792927
0.772338 0.790812
0.768853 0.788715
0.765524 0.785938
0.762058 0.78233
0.758327 0.779058
0.754452 0.775059
0.764228 0.775952
0.771013 0.785065
0.778592 0.786334
0.797689 0.794986
0.806992 0.806006
0.811228 0.813482
0.814602 0.812069
0.818249 0.809834
0.82183 0.808379
0.822738 0.803744
0.822405 0.797529
0.825667 0.803247
0.825957 0.808114
0.829557 0.809179
0.833105 0.811403
0.837412 0.81366
0.841805 0.813557
0.846376 0.814275
0.850587 0.815603
0.854379 0.815623
0.858553 0.816286
0.862177 0.815874
0.866218 0.81682
0.86894 0.817795
0.871778 0.817663
0.874422 0.81813
0.877275 0.818295
0.880684 0.817924
0.884637 0.818818
0.881986 0.822577
0.886609 0.823572
0.888735 0.827132
0.88447 0.827046
0.880965 0.827007
0.877745 0.825171
0.875834 0.828974
0.873521 0.825679
0.870425 0.82538
0.867013 0.824387
0.861968 0.822972
0.856145 0.819328
0.852921 0.822399
0.850315 0.820389
0.84742 0.820509
0.844685 0.818934
0.841425 0.818687
0.83756 0.818104
0.833787 0.816434
0.830053 0.816101
0.827219 0.814919
0.824557 0.812931
0.821451 0.814188
0.818058 0.815399
0.820673 0.819558
0.816454 0.819796
0.813137 0.819021
0.811701 0.822734
0.814797 0.826716
0.81773 0.825018
0.820808 0.824177
0.824195 0.823439
0.824404 0.818459
0.8277 0.821572
0.831459 0.82175
0.835187 0.821602
0.838915 0.822641
0.842669 0.824223
0.84619 0.82545
0.850194 0.826147
0.85423 0.828932
0.857898 0.827669
0.860761 0.829869
0.864225 0.826932
0.86761 0.82987
0.870957 0.831679
0.873961 0.833158
0.877102 0.834511
0.879141 0.830704
0.882573 0.831691
0.885781 0.831016
0.888224 0.832966
0.884879 0.835954
0.880663 0.83641
0.87633 0.840022
0.87962 0.84273
0.883466 0.841075
0.887798 0.839869
0.889886 0.836004
0.892498 0.83829
0.896014 0.838022
0.897709 0.842112
0.901448 0.842104
0.905357 0.840374
0.907768 0.842978
0.910825 0.843766
0.913172 0.840409
0.915889 0.838022
0.918976 0.837953
0.922235 0.838472
0.92546 0.840841
0.929598 0.840653
0.932619 0.837561
0.936045 0.836983
0.93846 0.840517
0.940561 0.835952
0.943893 0.835609
0.947268 0.832659
0.942937 0.830645
0.938529 0.832496
0.9354 0.829292
0.938384 0.827627
0.940971 0.825788
0.944624 0.824577
0.947073 0.82726
0.949681 0.829203
0.952162 0.830118
0.954758 0.826936
0.952017 0.824651
0.949288 0.822649
0.946638 0.820112
0.94378 0.817865
0.942179 0.821187
0.938826 0.821058
0.936132 0.823997
0.933092 0.821991
0.92854 0.823665
0.925148 0.823556
0.92192 0.824485
0.917737 0.824666
0.92013 0.828558
0.924074 0.828808
0.927654 0.829289
0.931447 0.826831
0.932968 0.831897
0.929589 0.833451
0.926944 0.836694
0.924578 0.833577
0.921034 0.833043
0.917384 0.831061
0.913976 0.83042
0.914517 0.834429
0.911069 0.834608
0.909272 0.838309
0.906091 0.83562
0.902704 0.837109
0.89962 0.836542
0.896798 0.833396
0.893505 0.833088
0.891082 0.83043
0.893435 0.827046
0.896901 0.828165
0.900045 0.830238
0.903257 0.831437
0.906999 0.831444
0.910223 0.829934
0.914013 0.82654
0.910065 0.825178
0.906692 0.825906
0.903202 0.826194
0.900024 0.824726
0.89593 0.823763
0.891124 0.823338
0.888499 0.81889
0.892477 0.818901
0.895829 0.819178
0.898853 0.820057
0.902082 0.819864
0.904819 0.821117
0.907574 0.81998
0.910368 0.820194
0.913063 0.818186
0.913937 0.821989
0.916996 0.818808
0.920403 0.819941
0.923441 0.817991
0.927001 0.818178
0.93091 0.818354
0.935278 0.817487
0.939166 0.815843
0.94204 0.814181
0.945998 0.813584
0.949304 0.816276
0.950037 0.811061
0.953112 0.810113
0.956717 0.815574
0.95278 0.817363
0.95555 0.821368
0.960873 0.818175
0.964366 0.823059
0.961402 0.822803
0.959335 0.824857
0.957452 0.826006
0.960455 0.829148
0.95559 0.830991
0.958476 0.834386
0.962207 0.836189
0.958309 0.83914
0.962171 0.841722
0.964373 0.84593
0.96033 0.846991
0.958008 0.844056
0.954935 0.842445
0.952453 0.839442
0.955249 0.835968
0.951931 0.834366
0.949398 0.837044
0.946522 0.839208
0.942511 0.840589
0.940785 0.844601
0.937594 0.846374
0.934408 0.84331
0.931065 0.846124
0.926671 0.845205
0.922447 0.844016
0.920157 0.846442
0.916985 0.84318
0.916999 0.848633
0.913383 0.846441
0.913137 0.850501
0.909273 0.848444
0.905715 0.850233
0.904848 0.845336
0.90171 0.848434
0.898296 0.846687
0.893464 0.848626
0.893953 0.843156
0.890142 0.843512
0.888929 0.849217
0.885268 0.846435
0.880393 0.847375
0.876247 0.84741
0.873428 0.843948
0.871981 0.839033
0.868582 0.836583
0.864227 0.833846
0.860634 0.836745
0.856505 0.834613
0.851823 0.833333
0.847333 0.832231
0.843617 0.830615
0.840473 0.832005
0.838638 0.828067
0.835167 0.826841
0.831731 0.829296
0.82713 0.82875
0.821992 0.830092
0.817085 0.832162
0.820342 0.83555
0.817118 0.839177
0.821448 0.841186
0.826459 0.841021
0.824486 0.835214
0.828657 0.834665
0.832372 0.837057
0.836075 0.834236
0.840647 0.837629
0.837831 0.840928
0.834598 0.842714
0.830326 0.842873
0.832304 0.848333
0.837764 0.848823
0.841109 0.84532
0.84414 0.849882
0.848626 0.850274
0.852682 0.853374
0.856318 0.849782
0.852342 0.847139
0.848572 0.8435
0.844877 0.844325
0.844733 0.838021
0.849297 0.837516
0.853066 0.840089
0.857137 0.841285
0.862248 0.841626
0.86603 0.840688
0.868973 0.844839
0.864757 0.847148
0.859502 0.84635
0.860968 0.851668
0.864531 0.855145
0.86788 0.851747
0.872058 0.849631
0.87126 0.855851
0.875227 0.853149
0.87911 0.85251
0.883297 0.851571
0.887002 0.854577
0.891693 0.854078
0.896866 0.852438
0.901404 0.854769
0.905631 0.856254
0.909726 0.857821
0.909334 0.853164
0.912909 0.855822
0.916247 0.853764
0.92033 0.852335
0.923943 0.851203
0.927934 0.849939
0.92698 0.854623
0.930801 0.853483
0.933651 0.850609
0.937057 0.851185
0.940476 0.8536
0.942413 0.84963
0.945972 0.847895
0.945198 0.843644
0.949495 0.842942
0.949605 0.847292
0.952981 0.846807
0.9562 0.849494
0.952245 0.851319
0.954519 0.854404
0.958849 0.853206
0.962686 0.851069
0.966219 0.851661
0.973321 0.853458
0.96902 0.856132
0.964828 0.856998
0.961229 0.85732
0.957398 0.858081
0.954239 0.858812
0.950822 0.858938
0.949933 0.854681
0.948051 0.851205
0.945438 0.853843
0.947131 0.85823
0.943686 0.858358
0.940921 0.859345
0.938504 0.861789
0.934813 0.861919
0.936956 0.856842
0.933429 0.857413
0.929754 0.859453
0.925275 0.858849
0.922051 0.858372
0.918805 0.856924
0.915428 0.858854
0.912164 0.861577
0.907808 0.863244
0.904561 0.864246
0.901538 0.861139
0.897187 0.858333
0.89595 0.863503
0.893008 0.858998
0.888644 0.860733
0.884752 0.860579
0.881846 0.857123
0.876983 0.858143
0.879543 0.862506
0.883294 0.865943
0.887883 0.868388
0.891704 0.865369
0.893611 0.869967
0.89828 0.867875
0.901608 0.869432
0.905841 0.870575
0.909521 0.874544
0.913815 0.877965
0.917908 0.879071
0.921655 0.877869
0.924947 0.875647
0.926687 0.87178
0.92983 0.869151
0.926793 0.867203
0.923795 0.868912
0.921072 0.870245
0.917706 0.86766
0.917845 0.873321
0.913664 0.872106
0.909532 0.868566
0.913034 0.866637
0.916042 0.863393
0.918808 0.861258
0.921296 0.864059
0.924385 0.863329
0.927646 0.862781
0.931046 0.864016
0.93347 0.866743
0.936149 0.865881
0.939252 0.866318
0.942555 0.86411
0.945791 0.863041
0.94891 0.862268
0.952879 0.863203
0.956302 0.864254
0.959434 0.86182
0.963365 0.862106
0.967221 0.861852
0.970939 0.861455
0.974883 0.862769
0.972116 0.866615
0.975785 0.868369
0.978718 0.87038
0.981813 0.871852
0.9772 0.875145
0.973904 0.872934
0.970367 0.87079
0.968107 0.87441
0.965473 0.872022
0.9678 0.867165
0.964247 0.867297
0.961175 0.865975
0.958797 0.868108
0.954202 0.868419
0.950791 0.866434
0.947616 0.866735
0.944703 0.868556
0.941214 0.869541
0.937113 0.87098
0.933154 0.871294
0.930215 0.873735
0.934436 0.874967
0.937491 0.877038
0.939793 0.874525
0.942898 0.873698
0.946332 0.873272
0.948787 0.870823
0.95177 0.872075
0.954902 0.874093
0.957294 0.871584
0.961622 0.872342
0.958522 0.876837
0.962169 0.877798
0.965174 0.878497
0.968414 0.879982
0.971135 0.876809
0.97442 0.879174
0.978886 0.881153
0.975263 0.883816
0.971164 0.882936
0.966981 0.88412
0.963709 0.885124
0.961348 0.882836
0.958335 0.882527
0.955118 0.881519
0.951051 0.881178
0.953297 0.877635
0.949301 0.876844
0.945583 0.878028
0.947719 0.882544
0.944223 0.883353
0.942098 0.878472
0.940135 0.881664
0.93632 0.881409
0.933004 0.878873
0.928987 0.877316
0.925523 0.880841
0.929352 0.8821
0.932566 0.884724
0.936341 0.886929
0.94019 0.887167
0.943413 0.888916
0.946828 0.889333
0.949592 0.886915
0.952631 0.885846
0.955724 0.887387
0.959386 0.888023
0.96261 0.890343
0.966557 0.889219
0.970267 0.887782
0.97374 0.888213
0.976465 0.890282
0.978524 0.893132
0.982007 0.890796
0.978821 0.886838
0.981945 0.885094
0.983987 0.882452
0.988249 0.884024
0.985558 0.887222
0.986082 0.891279
0.988959 0.893425
0.98538 0.896011
0.982752 0.89911
0.980562 0.896179
0.976561 0.898074
0.972778 0.897985
0.973574 0.89375
0.970461 0.892334
0.968274 0.894601
0.965188 0.894297
0.961643 0.896007
0.958457 0.892859
0.955402 0.892538
0.952051 0.891437
0.949272 0.893702
0.953824 0.896239
0.958283 0.898188
0.962615 0.901203
0.96561 0.899329
0.969435 0.899584
0.966837 0.903576
0.970245 0.905753
0.972377 0.903021
0.975429 0.90325
0.979635 0.902255
0.983326 0.903836
0.986808 0.901484
0.9898 0.898257
0.992033 0.902994
0.99409 0.907263
0.989493 0.906063
0.985895 0.907389
0.981744 0.908
0.977744 0.906944
0.974254 0.909187
0.979277 0.911438
0.983601 0.912662
0.986966 0.914858
0.989081 0.911254
0.992338 0.91164
0.995425 0.913861
0.991494 0.916956
0.997111 0.929185
0.948311 0.959468
0.948756 0.966153
0.953749 0.96597
0.952431 0.972017
0.949458 0.971165
0.946291 0.972539
0.946077 0.978769
0.950223 0.977188
0.951828 0.982791
0.948195 0.982377
0.944822 0.983746
0.948441 0.98737
0.944875 0.993226
0.945984 0.997665
0.892714 0.980575
0.875539 0.98909
0.871527 0.988725
0.867499 0.987759
0.87037 0.982733
0.867058 0.98249
0.864129 0.98477
0.861224 0.984036
0.861103 0.988423
0.857466 0.985408
0.853523 0.983055
0.850267 0.978641
0.853632 0.977492
0.856804 0.979662
0.86 0.980502
0.863704 0.978755
0.867587 0.977887
0.870942 0.97382
0.8745 0.970767
0.873446 0.965274
0.876902 0.961694
0.872592 0.960093
0.869121 0.961735
0.869518 0.966821
0.867171 0.970004
0.865678 0.973412
0.862484 0.97352
0.859833 0.975621
0.856905 0.974113
0.854385 0.970977
0.851326 0.972934
0.847727 0.970904
0.849573 0.967798
0.852044 0.966542
0.854491 0.964158
0.857974 0.962552
0.860519 0.964774
0.857071 0.967743
0.859698 0.969602
0.862902 0.968135
0.865075 0.965397
0.865838 0.96155
0.862641 0.961227
0.860071 0.959395
0.855729 0.958581
0.85226 0.959544
0.849189 0.96205
0.846348 0.965575
0.843615 0.968078
0.839699 0.968153
0.83553 0.969822
0.831565 0.968764
0.829101 0.972347
0.827032 0.967778
0.822911 0.969391
0.818757 0.970431
0.818717 0.965252
0.821194 0.963325
0.824094 0.963578
0.826439 0.96032
0.823573 0.958355
0.82098 0.955951
0.824481 0.953405
0.828239 0.953342
0.831358 0.954434
0.828858 0.958129
0.832775 0.95868
0.835096 0.961144
0.830209 0.963503
0.834775 0.965068
0.838705 0.963082
0.842949 0.962309
0.845859 0.960319
0.848693 0.957286
0.845847 0.955846
0.843274 0.957307
0.840291 0.95846
0.837377 0.958137
0.835331 0.955682
0.833527 0.9516
0.836357 0.951511
0.839387 0.953736
0.84239 0.953573
0.84499 0.951289
0.841761 0.948643
0.838861 0.948536
0.836189 0.946364
0.833233 0.946255
0.830625 0.949008
0.826412 0.948971
0.821991 0.947354
0.820995 0.951497
0.818038 0.951426
0.814541 0.950795
0.81623 0.946377
0.819165 0.943707
0.823071 0.941182
0.826187 0.943704
0.829476 0.943979
0.831908 0.941218
0.834809 0.941444
0.838613 0.943296
0.84202 0.943191
0.844469 0.946348
0.846895 0.946437
0.849323 0.944534
0.852294 0.945528
0.851727 0.941254
0.854726 0.942007
0.857584 0.939395
0.854114 0.937654
0.85173 0.934926
0.849053 0.931254
0.852753 0.930519
0.854962 0.932688
0.85763 0.93539
0.861212 0.93755
0.864339 0.940751
0.86118 0.942028
0.858346 0.943161
0.855913 0.945389
0.86017 0.946664
0.863647 0.946358
0.866759 0.943404
0.867854 0.947768
0.871647 0.949352
0.868732 0.952434
0.865953 0.952637
0.864057 0.951139
0.861369 0.951532
0.859001 0.950641
0.856565 0.948949
0.853392 0.949084
0.850098 0.948922
0.847854 0.951748
0.850527 0.953024
0.852243 0.955439
0.854549 0.952984
0.857138 0.95404
0.858916 0.956216
0.86195 0.955908
0.864958 0.957182
0.868037 0.957177
0.871116 0.955438
0.874616 0.95531
0.878595 0.953593
0.875298 0.949542
0.879191 0.946172
0.87478 0.944383
0.870834 0.943636
0.869152 0.939142
0.874621 0.939608
0.880401 0.939298
0.879457 0.932496
0.87601 0.93431
0.872028 0.935617
0.870266 0.931577
0.867269 0.935008
0.864252 0.935659
0.860807 0.932986
0.857761 0.930224
0.860713 0.928273
0.863952 0.930185
0.867537 0.929026
0.866224 0.924851
0.870887 0.925159
0.873557 0.929486
0.876352 0.926376
0.874511 0.920518
0.87069 0.920201
0.867049 0.919933
0.862899 0.91995
0.862311 0.92448
0.858407 0.923854
0.855806 0.926759
0.853375 0.924964
0.850937 0.926743
0.848353 0.925345
0.845843 0.927513
0.842137 0.927987
0.838362 0.92671
0.835387 0.922627
0.831535 0.924212
0.827543 0.925352
0.82413 0.922286
0.82854 0.920193
0.832568 0.917122
0.837157 0.917589
0.839911 0.922252
0.843917 0.92229
0.84179 0.91811
0.845538 0.916837
0.847217 0.920712
0.850671 0.920564
0.854461 0.919936
0.858248 0.918338
0.854786 0.913559
0.850334 0.915018
0.846733 0.912721
0.842814 0.912869
0.839425 0.912951
0.835803 0.911255
0.83049 0.911907
0.826827 0.91569
0.822486 0.915935
0.825035 0.9099
0.828483 0.90638
0.833302 0.907042
0.836722 0.903801
0.839848 0.906942
0.844043 0.908274
0.848624 0.909056
0.851675 0.906817
0.855546 0.907206
0.859613 0.910549
0.86152 0.915118
0.865646 0.914672
0.870571 0.915105
0.86851 0.910174
0.864078 0.909158
0.867113 0.904207
0.863643 0.903081
0.859771 0.90498
0.859847 0.900074
0.855887 0.899947
0.853693 0.894474
0.848665 0.894308
0.850628 0.900497
0.846764 0.904048
0.842548 0.902743
0.845463 0.898246
0.841891 0.895329
0.83899 0.89912
0.835667 0.896624
0.830983 0.897363
0.83209 0.902047
0.826439 0.901231
0.821983 0.905114
0.819717 0.910554
0.815292 0.909115
0.809831 0.910283
0.812821 0.914883
0.816631 0.916874
0.81961 0.922192
0.815402 0.923709
0.811861 0.922949
0.809506 0.9177
0.805443 0.915448
0.801359 0.919757
0.806822 0.922545
0.809197 0.929077
0.812743 0.931301
0.816028 0.929054
0.81823 0.933307
0.821316 0.929706
0.825162 0.929556
0.828764 0.9308
0.831859 0.930113
0.835016 0.929332
0.838719 0.932234
0.844167 0.932719
0.847134 0.935525
0.849878 0.937933
0.847847 0.941001
0.84515 0.940691
0.84303 0.938062
0.840289 0.937102
0.837501 0.938891
0.834942 0.935645
0.831782 0.935587
0.828768 0.937759
0.825425 0.935887
0.820749 0.937433
0.81675 0.937734
0.813011 0.936858
0.809936 0.93815
0.81483 0.941581
0.811941 0.944839
0.809084 0.948703
0.811455 0.952889
0.80779 0.955279
0.800738 0.956529
0.795644 0.952887
0.797619 0.958724
0.794069 0.960524
0.796958 0.964513
0.801491 0.963028
0.804918 0.96007
0.808974 0.961232
0.811719 0.959391
0.814203 0.956828
0.816882 0.956429
0.819039 0.959343
0.816353 0.961899
0.814263 0.963936
0.811325 0.965797
0.807234 0.965962
0.803587 0.968364
0.79962 0.968614
0.794358 0.969203
0.797424 0.973414
0.802218 0.974494
0.805415 0.977366
0.809059 0.979068
0.809059 0.974739
0.806259 0.971737
0.810151 0.970186
0.814808 0.969212
0.812541 0.973999
0.815921 0.975024
0.820642 0.975133
0.824861 0.974639
0.828245 0.977533
0.83226 0.976097
0.835403 0.975069
0.838638 0.97391
0.841828 0.973061
0.844863 0.972934
0.847397 0.976036
0.842638 0.977995
0.845615 0.98145
0.848826 0.983346
0.851029 0.986814
0.854601 0.988806
0.857813 0.991546
0.861318 0.993329
0.864932 0.991558
0.869106 0.993319
0.872185 0.997887
0.867128 0.997521
0.863225 0.997342
0.858609 0.997733
0.853337 0.997842
0.849 0.997655
0.851645 0.99326
0.849215 0.991442
0.846844 0.988451
0.843884 0.986889
0.841264 0.983369
0.838725 0.980124
0.835509 0.980588
0.83103 0.981659
0.827423 0.983772
0.824261 0.980895
0.820772 0.980935
0.817549 0.979446
0.81324 0.979528
0.814937 0.984363
0.817982 0.985217
0.821739 0.986955
0.825604 0.988572
0.8292 0.991603
0.831074 0.987623
0.834053 0.985005
0.837185 0.987244
0.840595 0.989218
0.843293 0.992583
0.846176 0.995559
0.842992 0.99783
0.838744 0.99769
0.838482 0.993115
0.834153 0.992412
0.834098 0.997684
0.829791 0.997103
0.826092 0.996929
0.821888 0.997972
0.823422 0.992817
0.81951 0.994585
0.81698 0.997984
0.812534 0.997922
0.808427 0.997219
0.811196 0.9935
0.815193 0.993634
0.818541 0.990218
0.81395 0.989099
0.8098 0.988063
0.811182 0.98418
0.806211 0.983033
0.802256 0.981096
0.798696 0.978075
0.759841 0.998193
0.747825 0.995088
0.745262 0.99751
0.736151 0.99843
0.731567 0.995205
0.728271 0.997723
0.727343 0.992461
0.723749 0.991052
0.720802 0.993292
0.723902 0.99738
0.719029 0.997537
0.714147 0.996932
0.708122 0.996822
0.707163 0.990476
0.706818 0.984461
0.70607 0.978918
0.711232 0.980651
0.715971 0.978041
0.720096 0.974462
0.724684 0.973707
0.728213 0.975478
0.732088 0.977228
0.729385 0.982005
0.725702 0.9805
0.722404 0.97889
0.719008 0.981901
0.714639 0.984047
0.71209 0.989304
0.716109 0.991663
0.718812 0.987889
0.722896 0.985376
0.72648 0.986788
0.730437 0.98742
0.733381 0.989097
0.735856 0.984657
0.733441 0.98157
0.737577 0.979261
0.739484 0.973672
0.735939 0.974266
0.732389 0.971451
0.728499 0.969488
0.723333 0.96923
0.7194 0.968546
0.716726 0.972062
0.712956 0.974321
0.708712 0.974089
0.705391 0.972341
0.706048 0.966376
0.710083 0.963214
0.711065 0.968424
0.714687 0.967913
0.714194 0.962588
0.71732 0.95939
0.714008 0.956696
0.709981 0.95796
0.705312 0.959475
0.705419 0.953161
0.710905 0.952943
0.714337 0.950307
0.711646 0.94739
0.708078 0.947756
0.704512 0.946795
0.705298 0.94113
0.704361 0.93573
0.704227 0.929528
0.708093 0.933322
0.711505 0.933322
0.714614 0.93058
0.711416 0.928184
0.711154 0.923237
0.707675 0.925839
0.704044 0.921965
0.707871 0.918725
0.712189 0.91853
0.715672 0.91647
0.711564 0.91374
0.70805 0.912493
0.703861 0.913092
0.707953 0.907242
0.703218 0.904271
0.709466 0.901844
0.71238 0.898923
0.709834 0.895277
0.713187 0.892344
0.708432 0.890528
0.711414 0.888033
0.707649 0.884568
0.711663 0.882551
0.715804 0.881474
0.718879 0.879044
0.715363 0.876436
0.712122 0.876953
0.708843 0.879261
0.706511 0.875653
0.710465 0.873033
0.70738 0.869878
0.704391 0.868232
0.7077 0.864422
0.705851 0.860453
0.701936 0.862849
0.702779 0.856582
0.700126 0.852049
0.70405 0.850368
0.707895 0.850233
0.712058 0.849835
0.715691 0.848449
0.71394 0.843269
0.710215 0.844807
0.706481 0.844966
0.701765 0.845199
0.704009 0.841018
0.707934 0.838914
0.711552 0.838194
0.715498 0.836347
0.71277 0.831226
0.708314 0.832538
0.704868 0.83508
0.701484 0.836793
0.698501 0.839446
0.698234 0.845639
0.693889 0.846537
0.69101 0.85034
0.687214 0.850896
0.683373 0.849296
0.680767 0.8511
0.678343 0.85361
0.675431 0.850669
0.678242 0.847826
0.680326 0.843948
0.675822 0.84457
0.673014 0.847523
0.670575 0.844936
0.667253 0.844527
0.665136 0.841189
0.663158 0.84521
0.659371 0.845153
0.655773 0.846129
0.650767 0.84382
0.646441 0.847922
0.651723 0.850549
0.659169 0.853546
0.661449 0.850397
0.665611 0.849567
0.669264 0.849713
0.671717 0.853163
0.674891 0.855101
0.673929 0.858896
0.67144 0.861528
0.668004 0.863087
0.671208 0.866233
0.674114 0.864364
0.677151 0.862791
0.680262 0.86583
0.68357 0.865229
0.686756 0.86477
0.686786 0.859495
0.683735 0.859872
0.680434 0.860911
0.677721 0.857852
0.681754 0.856023
0.685238 0.854651
0.689498 0.855844
0.692509 0.858401
0.689678 0.861784
0.692178 0.865842
0.689163 0.867593
0.685795 0.869649
0.690494 0.871988
0.687054 0.874949
0.683356 0.872724
0.680569 0.870241
0.676612 0.86858
0.673335 0.870761
0.669339 0.870181
0.667809 0.874412
0.671541 0.874608
0.675136 0.877741
0.676311 0.873944
0.679501 0.874952
0.6797 0.87977
0.683109 0.87727
0.684712 0.880986
0.688986 0.879271
0.686924 0.884234
0.690265 0.884334
0.692641 0.888777
0.688237 0.8899
0.684517 0.887711
0.681677 0.885091
0.678446 0.884429
0.675659 0.882504
0.672621 0.880235
0.669736 0.879288
0.66961 0.883874
0.665371 0.882829
0.66249 0.884703
0.659609 0.882563
0.657035 0.882566
0.654345 0.882613
0.653872 0.888002
0.65488 0.892378
0.658434 0.893018
0.657689 0.887578
0.661294 0.88877
0.665368 0.888571
0.667753 0.886887
0.670785 0.888467
0.673133 0.886414
0.676304 0.887922
0.676355 0.89206
0.680063 0.890643
0.683832 0.892776
0.685562 0.897601
0.681446 0.896257
0.678387 0.896462
0.674774 0.895839
0.672409 0.892638
0.669018 0.892048
0.666197 0.894138
0.662967 0.892746
0.661413 0.89669
0.664551 0.898875
0.667745 0.900598
0.669814 0.896975
0.672744 0.899577
0.675895 0.90017
0.678607 0.902202
0.681862 0.900819
0.685252 0.90305
0.682717 0.907001
0.679692 0.906635
0.677984 0.910118
0.675533 0.912859
0.679199 0.915023
0.676733 0.918216
0.678202 0.922293
0.674165 0.921839
0.671024 0.924148
0.668413 0.9271
0.665438 0.925188
0.661838 0.926331
0.663788 0.930312
0.660097 0.931169
0.656375 0.931881
0.653475 0.933325
0.650444 0.93275
0.647029 0.932821
0.644766 0.936456
0.648608 0.93821
0.651924 0.938184
0.655447 0.938514
0.658869 0.93611
0.662059 0.936201
0.659202 0.940868
0.66166 0.943414
0.652247 0.943952
0.648645 0.943937
0.648144 0.949732
0.643453 0.9504
0.637888 0.953191
0.640406 0.94772
0.644088 0.945275
0.645736 0.941566
0.642203 0.939486
0.639699 0.942004
0.637538 0.945517
0.634915 0.941046
0.63081 0.941939
0.628702 0.939475
0.625719 0.939576
0.622743 0.939911
0.619672 0.939529
0.61606 0.939721
0.612932 0.937023
0.610337 0.933185
0.60342 0.933237
0.608106 0.938486
0.603843 0.942776
0.609272 0.944977
0.612965 0.94481
0.617327 0.945329
0.621924 0.944932
0.626699 0.945114
0.624157 0.950098
0.619749 0.950343
0.620866 0.955678
0.621134 0.961147
0.613101 0.988052
0.618223 0.99204
0.624566 0.997444
0.605232 0.997
0.601642 0.99732
0.604294 0.990744
0.607484 0.985066
0.601992 0.981771
0.596527 0.980162
0.591242 0.978688
0.596036 0.971085
0.586124 0.970414
0.576913 0.969115
0.581298 0.975342
0.586114 0.978671
0.580384 0.980093
0.575392 0.978927
0.570179 0.980876
0.563952 0.982912
0.568362 0.992535
0.57228 0.990645
0.575712 0.988848
0.575628 0.996262
0.572656 0.997237
0.569535 0.997363
0.566253 0.997477
0.563615 0.996217
0.560446 0.997901
0.553226 0.993791
0.556786 0.987305
0.552371 0.989155
0.548665 0.991845
0.545048 0.993209
0.549877 0.997274
0.54563 0.997618
0.54079 0.99676
0.533275 0.991186
0.528441 0.987847
0.522704 0.991004
0.528243 0.995693
0.523096 0.997318
0.513273 0.999208
0.465232 0.988658
0.450272 0.99749
0.459757 0.984897
0.473772 0.979942
0.486348 0.973986
0.483484 0.970003
0.492144 0.967431
0.49504 0.970304
0.502248 0.965915
0.505991 0.967709
0.512014 0.960105
0.515138 0.960826
0.51631 0.965366
0.531986 0.962434
0.537363 0.974216
0.536589 0.979338
0.532369 0.980231
0.536666 0.985842
0.542233 0.980633
0.55034 0.975426
0.555497 0.969475
0.552495 0.959832
0.556827 0.957574
0.564005 0.961079
0.56147 0.967908
0.570249 0.96579
0.570393 0.959497
0.572254 0.95231
0.56673 0.953937
0.561274 0.952678
0.561341 0.94632
0.567089 0.946511
0.573455 0.944275
0.570725 0.939786
0.56538 0.938657
0.568879 0.93328
0.573204 0.933319
0.570941 0.926052
0.575509 0.925704
0.582304 0.903126
0.58814 0.898046
0.591415 0.90321
0.59371 0.89748
0.597611 0.897333
0.600687 0.900382
0.602744 0.905346
0.600205 0.909343
0.60811 0.922032
0.613015 0.915367
0.617173 0.908073
0.623357 0.903991
0.625048 0.912186
0.628173 0.911792
0.63173 0.914479
0.635112 0.915424
0.638065 0.915363
0.640325 0.918591
0.642817 0.917466
0.645899 0.918837
0.649027 0.918579
0.652134 0.920256
0.650205 0.923862
0.646481 0.924111
0.64384 0.922313
0.64187 0.924393
0.638708 0.922354
0.635807 0.921922
0.632479 0.920802
0.627896 0.918307
0.623994 0.918675
0.621902 0.916034
0.619399 0.920753
0.616256 0.924608
0.613264 0.928771
0.615596 0.931547
0.618002 0.93483
0.623032 0.935288
0.627221 0.934446
0.631752 0.936601
0.635196 0.936074
0.638428 0.937019
0.641776 0.933487
0.638409 0.931809
0.634481 0.931572
0.63081 0.93195
0.627653 0.929154
0.62529 0.926578
0.623735 0.930473
0.620423 0.931421
0.618703 0.927343
0.621912 0.924644
0.62536 0.922839
0.628979 0.923278
0.630642 0.926706
0.633349 0.926473
0.63657 0.927371
0.640045 0.927839
0.64396 0.929232
0.648149 0.928109
0.65288 0.927943
0.657429 0.926835
0.654893 0.922927
0.657487 0.919433
0.659955 0.922629
0.66383 0.920986
0.667692 0.920665
0.670841 0.918417
0.673924 0.916619
0.671672 0.913094
0.667898 0.915156
0.664619 0.916056
0.661013 0.916377
0.656763 0.915096
0.65338 0.916542
0.650552 0.913434
0.653371 0.91168
0.655983 0.909904
0.658939 0.911179
0.662031 0.909976
0.665133 0.910291
0.668599 0.910691
0.672524 0.908303
0.67546 0.905901
0.67132 0.903439
0.668509 0.906193
0.664747 0.904682
0.661401 0.902465
0.658927 0.905952
0.654628 0.905697
0.651573 0.906973
0.648476 0.910109
0.646787 0.914192
0.643761 0.913581
0.640998 0.911773
0.638235 0.908485
0.634528 0.909248
0.630344 0.906666
0.634578 0.902363
0.638636 0.901608
0.63893 0.894775
0.64237 0.897367
0.64631 0.899467
0.643857 0.902925
0.641523 0.905833
0.644827 0.90857
0.647483 0.905686
0.649545 0.90172
0.652502 0.900858
0.656496 0.902025
0.658536 0.898493
0.654889 0.897139
0.651606 0.894772
0.64843 0.895613
0.645751 0.891649
0.649973 0.889392
0.64731 0.884708
0.650814 0.882995
0.650508 0.876689
0.654749 0.876471
0.658459 0.876789
0.662179 0.879156
0.666643 0.879044
0.664369 0.87557
0.661475 0.873153
0.657473 0.870583
0.65265 0.869657
0.649137 0.871302
0.646308 0.866777
0.649482 0.862484
0.654509 0.864296
0.659366 0.863507
0.661409 0.867936
0.665019 0.870542
0.667028 0.867215
0.664057 0.86454
0.664063 0.860273
0.666775 0.858708
0.669997 0.857906
0.667731 0.854229
0.664045 0.854751
0.661135 0.857636
0.656319 0.858749
0.65228 0.857919
0.644864 0.857547
0.64025 0.858862
0.635817 0.858215
0.636035 0.852258
0.632711 0.849908
0.629256 0.852601
0.626692 0.856888
0.624191 0.853319
0.620928 0.851375
0.618082 0.849886
0.615089 0.848934
0.612682 0.852598
0.616179 0.854517
0.619266 0.856052
0.621954 0.859405
0.625881 0.862225
0.625178 0.867518
0.622068 0.865626
0.618466 0.865167
0.61461 0.863791
0.617335 0.860263
0.613774 0.85815
0.610033 0.856168
0.610447 0.861281
0.605657 0.860012
0.601477 0.858438
0.597897 0.859859
0.600437 0.863082
0.603385 0.865019
0.606347 0.864959
0.608954 0.86601
0.611789 0.866854
0.607101 0.871053
0.602989 0.870054
0.599263 0.867665
0.596676 0.872388
0.599973 0.873127
0.60295 0.875236
0.598381 0.878776
0.593064 0.876687
0.594312 0.883915
0.598627 0.885293
0.600203 0.891243
0.59574 0.891455
0.591646 0.888631
0.587795 0.888634
0.589064 0.881633
0.584042 0.881572
0.583355 0.873328
0.58774 0.873908
0.592117 0.867501
0.595428 0.868195
0.595816 0.863157
0.592073 0.859867
0.594777 0.856589
0.59827 0.855281
0.596301 0.851431
0.592137 0.85274
0.594054 0.847469
0.598796 0.846876
0.600643 0.851283
0.603254 0.853964
0.606192 0.855204
0.608182 0.850549
0.611483 0.847647
0.608594 0.844463
0.60437 0.847702
0.602478 0.842555
0.599666 0.840602
0.596564 0.842642
0.593666 0.841844
0.595581 0.835653
0.598143 0.836734
0.601566 0.835886
0.604337 0.836418
0.606578 0.839712
0.610868 0.8396
0.612642 0.835677
0.615854 0.834489
0.618619 0.832655
0.615943 0.829197
0.612451 0.830989
0.609084 0.834295
0.606231 0.831685
0.603319 0.830129
0.600493 0.832112
0.59804 0.829622
0.601455 0.825501
0.605632 0.824641
0.609147 0.827741
0.613013 0.826532
0.612169 0.822013
0.615508 0.823037
0.618339 0.820747
0.623685 0.815696
0.627872 0.816999
0.626372 0.822476
0.622331 0.822767
0.618845 0.825253
0.620113 0.828698
0.624164 0.827646
0.622173 0.832114
0.625398 0.835126
0.621518 0.836599
0.618438 0.838513
0.615419 0.839544
0.613728 0.843425
0.617721 0.84419
0.620765 0.846113
0.623853 0.848293
0.627339 0.848988
0.629549 0.844432
0.625507 0.844271
0.621662 0.841953
0.624612 0.839652
0.628322 0.838894
0.632569 0.839713
0.634615 0.844775
0.638689 0.845213
0.639834 0.839055
0.636342 0.837235
0.633701 0.833842
0.630297 0.833419
0.626845 0.831565
0.628995 0.82773
0.634642 0.829215
0.639063 0.831765
0.642503 0.825448
0.646138 0.827368
0.647354 0.832424
0.643292 0.83432
0.644228 0.841681
0.647577 0.839429
0.650501 0.83481
0.653839 0.83874
0.657823 0.838241
0.661645 0.837937
0.663204 0.832785
0.659725 0.830409
0.663205 0.826944
0.659767 0.824899
0.656727 0.82255
0.658991 0.818737
0.662426 0.821334
0.66631 0.823423
0.669745 0.825883
0.666415 0.829278
0.667205 0.833565
0.665175 0.837055
0.668104 0.838047
0.670252 0.840641
0.673609 0.840844
0.67695 0.840388
0.678921 0.837333
0.68245 0.839564
0.686629 0.840196
0.68399 0.844153
0.687135 0.84581
0.690153 0.843934
0.693009 0.840821
0.690016 0.836263
0.686808 0.835736
0.683988 0.834934
0.680911 0.83357
0.677149 0.832231
0.674642 0.83489
0.671669 0.836285
0.670263 0.831829
0.673282 0.828876
0.677018 0.827665
0.680568 0.827829
0.677738 0.823183
0.674025 0.822719
0.670718 0.819782
0.669954 0.814669
0.670639 0.809277
0.666454 0.807921
0.662527 0.809798
0.665729 0.812576
0.665853 0.817762
0.661997 0.815403
0.65897 0.812796
0.655744 0.814392
0.651545 0.810195
0.654191 0.807691
0.657047 0.808705
0.660093 0.806301
0.663721 0.80415
0.660717 0.800229
0.656773 0.802813
0.651944 0.803759
0.653806 0.799112
0.650189 0.798421
0.648349 0.79328
0.652583 0.793482
0.656759 0.796488
0.660601 0.794873
0.657862 0.791281
0.654994 0.789099
0.652255 0.787106
0.648856 0.787227
0.645825 0.786766
0.643984 0.781588
0.647711 0.779871
0.651251 0.782101
0.646157 0.774231
0.642109 0.775593
0.639918 0.769477
0.644065 0.76854
0.641599 0.762636
0.638598 0.763904
0.635362 0.755017
0.610592 0.748649
0.483456 0.777986
End
