1296 864
0.512791 0.471493
0.505943 0.475087
0.512415 0.481617
0.506416 0.486972
0.514388 0.491476
0.509008 0.497556
0.517845 0.5003
0.525933 0.503475
0.533946 0.501344
0.529118 0.493618
0.522821 0.492447
0.519456 0.484707
0.519303 0.475969
0.525921 0.47984
0.531829 0.484848
0.538165 0.480411
0.544826 0.478576
0.551131 0.472887
0.558338 0.474446
0.565184 0.477154
0.573797 0.475474
0.580659 0.475266
0.586167 0.470201
0.592866 0.472509
0.599965 0.471918
0.6065 0.475495
0.614497 0.473534
0.622633 0.477016
0.629794 0.474673
0.636694 0.480294
0.644503 0.473635
0.653234 0.47274
0.660198 0.479165
0.663716 0.470461
0.670864 0.466743
0.678693 0.463119
0.686909 0.469767
0.69375 0.464247
0.701182 0.462702
0.708362 0.465749
0.71569 0.46979
0.726003 0.468406
0.733977 0.468179
0.742273 0.465298
0.750707 0.460509
0.758873 0.462522
0.767143 0.463866
0.774355 0.464923
0.781477 0.462263
0.788756 0.457172
0.79734 0.455771
0.806492 0.458186
0.813996 0.456978
0.820511 0.461088
0.827166 0.456451
0.833813 0.453543
0.837824 0.460558
0.845041 0.458036
0.852037 0.456363
0.859413 0.455053
0.866997 0.451705
0.874332 0.456939
0.88514 0.454223
0.891498 0.458868
0.897849 0.467838
0.891983 0.469966
0.885115 0.468534
0.878426 0.464998
0.873493 0.473706
0.86759 0.464284
0.863795 0.473218
0.855484 0.475421
0.858124 0.465508
0.85007 0.467651
0.842575 0.46961
0.835336 0.469752
0.828373 0.466601
0.82092 0.470255
0.812049 0.466875
0.802612 0.466453
0.794701 0.465665
0.78749 0.469726
0.794237 0.476112
0.801094 0.47655
0.808446 0.47596
0.816185 0.476819
0.824721 0.480225
0.831445 0.476912
0.833824 0.485406
0.840359 0.481265
0.847547 0.479444
0.853203 0.485703
0.860559 0.482966
0.867771 0.481972
0.874493 0.486605
0.881495 0.479105
0.890095 0.480113
0.898169 0.479265
0.905578 0.473699
0.906214 0.484314
0.913586 0.479545
0.920786 0.485995
0.927686 0.488019
0.914253 0.491582
0.905709 0.493685
0.897572 0.490482
0.888822 0.48945
0.881264 0.490344
0.874182 0.500192
0.868599 0.492878
0.86137 0.492097
0.854137 0.495069
0.846042 0.49183
0.838351 0.493201
0.829398 0.492373
0.822791 0.491027
0.816742 0.486419
0.810023 0.486411
0.803057 0.486394
0.795399 0.486811
0.788651 0.483384
0.782653 0.476975
0.776904 0.47352
0.769317 0.474926
0.761911 0.472156
0.752069 0.470671
0.756444 0.479069
0.74984 0.482901
0.744791 0.475438
0.737586 0.477625
0.729215 0.478265
0.721616 0.477287
0.7153 0.481889
0.708419 0.476935
0.701592 0.482476
0.700642 0.472489
0.693318 0.477774
0.684899 0.479682
0.678406 0.474557
0.671625 0.478854
0.666587 0.485757
0.660225 0.49039
0.653029 0.482917
0.644656 0.484376
0.651068 0.492229
0.643052 0.495347
0.635873 0.491266
0.627976 0.486702
0.619266 0.484618
0.610787 0.483706
0.60271 0.485359
0.595178 0.483149
0.587099 0.481984
0.578748 0.484863
0.570847 0.484407
0.565722 0.490394
0.559331 0.486094
0.552364 0.483835
0.545339 0.488391
0.537642 0.491821
0.543537 0.497905
0.552033 0.494934
0.559952 0.497457
0.568045 0.500216
0.574138 0.493401
0.582919 0.492956
0.590001 0.493082
0.597219 0.494431
0.603367 0.498081
0.609051 0.494713
0.615693 0.492004
0.615291 0.501586
0.622591 0.49655
0.629479 0.498475
0.636234 0.503685
0.644068 0.506098
0.650666 0.503232
0.657762 0.499233
0.665769 0.500596
0.672096 0.492792
0.678604 0.487745
0.687042 0.489228
0.694225 0.489602
0.701516 0.491915
0.709461 0.489861
0.71714 0.493825
0.724149 0.488459
0.733229 0.48685
0.741968 0.488228
0.748806 0.493561
0.756445 0.49029
0.76279 0.483945
0.769165 0.486434
0.775876 0.484408
0.782408 0.48811
0.789419 0.495798
0.780999 0.49709
0.773155 0.495876
0.764256 0.49597
0.756364 0.500565
0.749178 0.504347
0.742514 0.501965
0.736708 0.496368
0.729554 0.496915
0.723715 0.501828
0.717894 0.505919
0.711221 0.503283
0.705288 0.499931
0.697358 0.501153
0.689704 0.500577
0.682127 0.498191
0.675368 0.502612
0.683793 0.509299
0.676044 0.513473
0.668943 0.51091
0.662238 0.516505
0.65766 0.509694
0.650051 0.514923
0.655273 0.522877
0.645833 0.523768
0.640685 0.515169
0.633296 0.513885
0.62821 0.509258
0.621997 0.507998
0.614579 0.511243
0.607658 0.507571
0.599413 0.507371
0.592649 0.503865
0.584817 0.504069
0.577074 0.501513
0.57811 0.510954
0.570115 0.509552
0.562568 0.508983
0.555311 0.504848
0.548033 0.505745
0.539958 0.50717
0.531719 0.511568
0.538682 0.517527
0.545805 0.516105
0.553914 0.514414
0.561093 0.519037
0.556354 0.525144
0.550044 0.524282
0.544192 0.528411
0.552013 0.534676
0.560162 0.532944
0.566491 0.532796
0.570898 0.539449
0.577494 0.538355
0.583593 0.536941
0.589623 0.536792
0.596597 0.533624
0.60279 0.540585
0.610531 0.540679
0.612354 0.530392
0.60519 0.530449
0.599129 0.52528
0.590135 0.525744
0.58242 0.528194
0.573641 0.529443
0.566608 0.52251
0.572132 0.518546
0.578168 0.52143
0.584224 0.516991
0.589671 0.513236
0.595274 0.517138
0.602604 0.516725
0.608664 0.520033
0.61524 0.520212
0.622288 0.519116
0.628298 0.522604
0.63559 0.522869
0.63928 0.529656
0.631214 0.53204
0.623219 0.531734
0.62064 0.541263
0.628949 0.542065
0.636444 0.539216
0.644081 0.535839
0.650697 0.532546
0.657076 0.534076
0.662623 0.529051
0.667723 0.522589
0.673943 0.523787
0.681594 0.520885
0.689099 0.518647
0.693107 0.51065
0.701975 0.50974
0.708329 0.513917
0.714979 0.515786
0.7215 0.516819
0.728011 0.511126
0.734439 0.506448
0.740096 0.512781
0.746899 0.515181
0.754441 0.512249
0.762055 0.507791
0.769855 0.505298
0.777857 0.506875
0.785046 0.506773
0.791509 0.508947
0.796009 0.503078
0.799166 0.495286
0.807288 0.495915
0.81608 0.497297
0.823723 0.502326
0.832409 0.501916
0.840504 0.502447
0.843949 0.511408
0.836769 0.512183
0.830002 0.511493
0.823753 0.513389
0.816994 0.509853
0.811045 0.504509
0.80322 0.505536
0.808272 0.513339
0.799185 0.51521
0.791059 0.518299
0.784801 0.518186
0.778627 0.518773
0.773028 0.515881
0.766768 0.516314
0.760332 0.520468
0.753472 0.523459
0.746434 0.527008
0.751604 0.534646
0.744309 0.541024
0.750176 0.545952
0.755999 0.543342
0.761281 0.546185
0.766878 0.549947
0.773841 0.549973
0.780855 0.547993
0.788563 0.547247
0.795413 0.548924
0.801388 0.54669
0.808018 0.544887
0.815293 0.542922
0.82314 0.539502
0.829496 0.543389
0.834703 0.549882
0.839658 0.546356
0.836112 0.536157
0.830371 0.532236
0.823587 0.529686
0.816321 0.531479
0.808934 0.533207
0.801686 0.537413
0.794092 0.53757
0.78591 0.538383
0.778683 0.537763
0.772194 0.539744
0.765968 0.537728
0.759183 0.532734
0.766394 0.527282
0.773643 0.528046
0.781824 0.528484
0.788945 0.529024
0.795155 0.525087
0.800357 0.528398
0.805674 0.522797
0.813388 0.5209
0.820441 0.521177
0.828916 0.521991
0.836142 0.522473
0.844048 0.521188
0.848379 0.528722
0.853499 0.54257
0.854003 0.554761
0.841272 0.557974
0.844429 0.570456
0.828927 0.572596
0.824239 0.563364
0.817141 0.561816
0.819985 0.552827
0.812348 0.553221
0.804471 0.556161
0.797929 0.559608
0.791249 0.557925
0.784429 0.557578
0.777613 0.55942
0.769599 0.55975
0.761493 0.55843
0.754675 0.555552
0.746126 0.553494
0.738651 0.553364
0.731634 0.550328
0.730797 0.560322
0.736314 0.565136
0.742952 0.563226
0.749821 0.564345
0.756282 0.568306
0.764248 0.568503
0.773009 0.568768
0.781063 0.56899
0.788142 0.567942
0.795214 0.569447
0.802909 0.568131
0.809551 0.563486
0.814893 0.571034
0.821526 0.57387
0.826766 0.58189
0.833825 0.582824
0.83903 0.591375
0.829759 0.591291
0.821553 0.586875
0.815141 0.58167
0.808528 0.575352
0.799503 0.577978
0.791322 0.578405
0.784486 0.579222
0.77714 0.578723
0.769064 0.577555
0.7615 0.578417
0.753761 0.578866
0.747062 0.575038
0.740029 0.573299
0.730309 0.57177
0.722099 0.576467
0.728434 0.583341
0.734715 0.580003
0.741398 0.583672
0.748667 0.587182
0.742971 0.593444
0.735345 0.591312
0.728256 0.594354
0.724056 0.601997
0.73261 0.602065
0.740022 0.60246
0.747429 0.601878
0.753067 0.595787
0.757634 0.588034
0.765481 0.588568
0.772525 0.587191
0.781424 0.589115
0.789412 0.589222
0.796202 0.586677
0.803712 0.587863
0.807973 0.596887
0.801142 0.595894
0.79495 0.597525
0.801641 0.605438
0.811024 0.606014
0.806564 0.612909
0.812413 0.618287
0.811458 0.632077
0.794571 0.651224
0.786913 0.648673
0.787813 0.640921
0.779507 0.643235
0.771534 0.64523
0.77775 0.656593
0.778059 0.66956
0.771924 0.663668
0.771637 0.655241
0.765784 0.653051
0.762265 0.644512
0.758523 0.635906
0.766324 0.635035
0.773514 0.635511
0.778344 0.629661
0.784496 0.632777
0.783448 0.622149
0.782623 0.611769
0.775547 0.606575
0.782234 0.600843
0.776016 0.595629
0.769092 0.599469
0.761343 0.597809
0.755688 0.605716
0.763593 0.608552
0.769405 0.61388
0.776449 0.618129
0.77084 0.625145
0.763256 0.623572
0.754415 0.628288
0.750261 0.620403
0.757449 0.616491
0.748498 0.611315
0.737467 0.611807
0.730085 0.611823
0.723503 0.612993
0.717317 0.606625
0.710839 0.601933
0.704604 0.605558
0.697589 0.602142
0.692567 0.609452
0.684489 0.607632
0.689658 0.600235
0.683211 0.595662
0.679063 0.601441
0.67548 0.607468
0.669847 0.602541
0.665381 0.609229
0.657968 0.607714
0.650808 0.603828
0.645507 0.606366
0.641948 0.614072
0.64882 0.616292
0.655162 0.616124
0.662227 0.616952
0.66811 0.621378
0.675707 0.623385
0.671979 0.614447
0.679947 0.615589
0.687157 0.616986
0.693495 0.61936
0.69948 0.613521
0.704872 0.618691
0.710686 0.613144
0.717348 0.617508
0.726038 0.622746
0.734092 0.621989
0.731188 0.633234
0.723159 0.633233
0.718161 0.640777
0.725444 0.643133
0.733283 0.646227
0.728134 0.653988
0.73579 0.658967
0.730584 0.66647
0.723336 0.661446
0.717476 0.667166
0.709729 0.666445
0.703678 0.671601
0.695873 0.667898
0.688475 0.668754
0.680123 0.66948
0.675842 0.659218
0.683198 0.660787
0.690023 0.658935
0.695748 0.656107
0.701682 0.660121
0.707784 0.656211
0.714742 0.657818
0.720057 0.651043
0.71212 0.646947
0.704512 0.647487
0.698065 0.646888
0.691062 0.646397
0.68557 0.650508
0.678777 0.651442
0.672033 0.649815
0.66581 0.650536
0.660561 0.647781
0.654752 0.646443
0.648932 0.645033
0.644687 0.65017
0.638964 0.656835
0.644887 0.660847
0.650076 0.658559
0.655323 0.656184
0.660392 0.659372
0.655042 0.667631
0.641936 0.668413
0.647964 0.672646
0.64754 0.684068
0.654759 0.679823
0.662299 0.683641
0.67036 0.680316
0.670277 0.690472
0.681159 0.691421
0.688069 0.686979
0.679875 0.680686
0.685431 0.677377
0.692995 0.677868
0.701004 0.683414
0.712571 0.679117
0.723862 0.677118
0.73468 0.676166
0.740154 0.670949
0.748211 0.675732
0.759978 0.682076
0.751013 0.688849
0.741156 0.68602
0.730565 0.688183
0.719546 0.690084
0.709273 0.692944
0.699832 0.695885
0.691097 0.701553
0.700457 0.708838
0.708242 0.70882
0.716685 0.704496
0.72647 0.702299
0.736556 0.702466
0.745898 0.702545
0.758343 0.699155
0.749761 0.713907
0.73978 0.719201
0.730131 0.717073
0.721226 0.716584
0.71281 0.720203
0.703767 0.722709
0.69417 0.715257
0.686325 0.712049
0.680381 0.706074
0.671981 0.700927
0.664197 0.69917
0.653144 0.704883
0.649991 0.693148
0.643677 0.699071
0.633594 0.699366
0.632927 0.712448
0.643224 0.71313
0.652978 0.718391
0.661102 0.710977
0.6699 0.714734
0.677789 0.719496
0.686384 0.724966
0.69456 0.728941
0.70081 0.735729
0.710462 0.733396
0.72019 0.72925
0.730184 0.729493
0.723356 0.741541
0.714905 0.745614
0.717711 0.754879
0.731673 0.756614
0.723128 0.762963
0.728349 0.766681
0.722587 0.774877
0.713304 0.777422
0.707162 0.784159
0.716757 0.786789
0.724613 0.788786
0.732219 0.789306
0.739969 0.788326
0.746524 0.79039
0.7496 0.797614
0.756294 0.79602
0.761153 0.77857
0.773415 0.78904
0.782823 0.796315
0.794278 0.800376
0.797086 0.818334
0.806396 0.812756
0.81656 0.813681
0.823981 0.806194
0.823842 0.816295
0.830794 0.814584
0.836618 0.820822
0.841905 0.826457
0.847669 0.819692
0.861494 0.820983
0.867622 0.826524
0.860323 0.832146
0.853784 0.82874
0.847677 0.833067
0.840064 0.836936
0.846446 0.843146
0.854843 0.840766
0.86439 0.839541
0.871576 0.835733
0.87936 0.832137
0.874806 0.823061
0.8846 0.823807
0.894606 0.823347
0.889908 0.83241
0.897309 0.836342
0.903762 0.841792
0.897413 0.84908
0.890946 0.845055
0.884481 0.840366
0.877129 0.843282
0.870963 0.847705
0.863647 0.848995
0.857371 0.851358
0.85093 0.851699
0.843336 0.852518
0.837521 0.846648
0.831519 0.842403
0.823804 0.839891
0.818437 0.835047
0.825909 0.831748
0.833618 0.831851
0.828808 0.823695
0.820094 0.824703
0.813139 0.823312
0.806805 0.825691
0.80118 0.829774
0.791175 0.830156
0.796337 0.836716
0.789292 0.842184
0.783938 0.850567
0.778202 0.859715
0.772761 0.869221
0.767749 0.879454
0.762546 0.889895
0.745809 0.866853
0.738811 0.863395
0.732918 0.852435
0.725394 0.858138
0.732199 0.864681
0.726234 0.870667
0.718249 0.867586
0.709168 0.867663
0.714626 0.85762
0.70686 0.856569
0.700405 0.862125
0.694133 0.866999
0.687553 0.869068
0.68041 0.873296
0.673121 0.873294
0.666045 0.872793
0.659115 0.872111
0.651267 0.874095
0.643268 0.877999
0.649068 0.884031
0.65565 0.881334
0.661884 0.881727
0.668617 0.881872
0.675723 0.882286
0.681174 0.885921
0.68755 0.887907
0.686195 0.878496
0.693546 0.878137
0.699783 0.874355
0.707548 0.878611
0.714996 0.878506
0.722825 0.880756
0.729474 0.883636
0.73446 0.891291
0.739776 0.898704
0.731079 0.902052
0.726055 0.894242
0.717957 0.89095
0.709289 0.889715
0.699509 0.887154
0.693123 0.894778
0.699248 0.899614
0.706295 0.903443
0.7134 0.899656
0.721444 0.905059
0.713708 0.910787
0.721112 0.918862
0.713246 0.92283
0.706971 0.916717
0.700289 0.912944
0.694703 0.908447
0.687937 0.912997
0.681604 0.912122
0.675492 0.909523
0.672273 0.916949
0.664396 0.916012
0.667177 0.907726
0.658424 0.909275
0.651652 0.91568
0.657675 0.91949
0.662456 0.925556
0.669532 0.925184
0.676647 0.927884
0.680113 0.92071
0.687666 0.922454
0.694243 0.920024
0.700172 0.925449
0.707625 0.93085
0.71681 0.933263
0.726091 0.928885
0.731892 0.938507
0.724071 0.940847
0.716676 0.945934
0.708642 0.942773
0.700187 0.937841
0.694927 0.945329
0.689298 0.939068
0.693446 0.931412
0.685017 0.930058
0.681627 0.936825
0.673246 0.935917
0.666059 0.933885
0.658187 0.932906
0.652423 0.927076
0.646224 0.922119
0.639487 0.922555
0.643924 0.912478
0.63706 0.912322
0.631025 0.908611
0.623653 0.906345
0.625138 0.916568
0.631655 0.921789
0.623845 0.926397
0.616673 0.926666
0.607004 0.929848
0.596597 0.930992
0.586979 0.93042
0.580671 0.937288
0.591425 0.94297
0.58341 0.951157
0.572791 0.953171
0.563753 0.95689
0.56881 0.961835
0.573948 0.966888
0.580364 0.967245
0.589476 0.964169
0.597273 0.954965
0.604804 0.957786
0.610698 0.962811
0.616899 0.959111
0.623574 0.958774
0.630684 0.954958
0.637 0.951109
0.641439 0.957014
0.647467 0.95728
0.65428 0.959836
0.661364 0.962732
0.668644 0.965217
0.675482 0.968821
0.679172 0.961412
0.67274 0.957565
0.665712 0.953774
0.658515 0.952334
0.651344 0.948918
0.644729 0.946303
0.640509 0.939755
0.634362 0.941308
0.628079 0.943821
0.623194 0.949005
0.61689 0.947564
0.610262 0.949432
0.602319 0.947937
0.604644 0.939406
0.612994 0.937518
0.621243 0.937218
0.628927 0.933399
0.636022 0.931076
0.644499 0.931802
0.650172 0.937527
0.656066 0.94215
0.662226 0.942944
0.668169 0.943261
0.672875 0.948093
0.678381 0.943357
0.686279 0.947546
0.679529 0.952523
0.686304 0.957609
0.693886 0.955519
0.701639 0.95177
0.711965 0.954792
0.72223 0.955845
0.737246 0.956145
0.73911 0.965432
0.750886 0.968721
0.757795 0.964012
0.765357 0.961628
0.761419 0.952046
0.767648 0.945078
0.760018 0.939591
0.752946 0.944783
0.742742 0.948133
0.744837 0.9362
0.751539 0.928077
0.745918 0.921133
0.75352 0.91279
0.757868 0.901383
0.767591 0.902761
0.774133 0.904016
0.780507 0.9064
0.785701 0.901328
0.792439 0.902698
0.800436 0.903272
0.807891 0.906646
0.803365 0.913462
0.796292 0.911253
0.788545 0.91095
0.781652 0.915826
0.774273 0.91546
0.779807 0.924918
0.773891 0.92742
0.767882 0.924221
0.761023 0.929853
0.767363 0.934578
0.773769 0.938841
0.779913 0.935518
0.788184 0.936608
0.795637 0.939937
0.80224 0.9375
0.806912 0.930853
0.798553 0.930194
0.792509 0.929293
0.785588 0.928311
0.788285 0.920071
0.794981 0.920088
0.801437 0.922342
0.807914 0.921464
0.812375 0.914367
0.81776 0.908876
0.82427 0.908878
0.831637 0.909227
0.839386 0.911138
0.84684 0.910579
0.853444 0.914812
0.846847 0.920316
0.840211 0.920462
0.833162 0.917979
0.826147 0.917484
0.819524 0.919118
0.814032 0.925594
0.820907 0.929679
0.827575 0.926649
0.83484 0.927064
0.842163 0.929964
0.849645 0.929084
0.855324 0.92339
0.862 0.92444
0.868183 0.921925
0.862389 0.915887
0.858893 0.909178
0.853406 0.904385
0.847843 0.900414
0.841935 0.902044
0.835275 0.901321
0.828245 0.900071
0.821332 0.899338
0.81428 0.900712
0.807898 0.896674
0.801932 0.893707
0.794406 0.894042
0.786002 0.892514
0.778513 0.89409
0.781341 0.8835
0.786051 0.874771
0.793981 0.877482
0.789795 0.884853
0.798395 0.885388
0.8013 0.875771
0.808121 0.873827
0.815468 0.870006
0.818937 0.859185
0.822581 0.868146
0.827612 0.873729
0.835051 0.874075
0.832135 0.865034
0.836896 0.857212
0.840618 0.865685
0.846774 0.861005
0.852867 0.863874
0.858821 0.865026
0.86399 0.859225
0.870608 0.858176
0.876913 0.857338
0.881895 0.85081
0.887709 0.855006
0.893898 0.858678
0.900348 0.86244
0.903531 0.854371
0.909348 0.849911
0.916588 0.84698
0.925999 0.847275
0.934842 0.842988
0.927985 0.834462
0.91949 0.835225
0.910664 0.835614
0.903976 0.82528
0.91339 0.823526
0.922974 0.822821
0.931998 0.822111
0.942079 0.817923
0.950726 0.815133
0.959184 0.8221
0.951816 0.827248
0.94499 0.827245
0.937311 0.831028
0.944366 0.839518
0.951917 0.839279
0.957939 0.833893
0.964389 0.838319
0.970332 0.834569
0.977278 0.832272
0.983763 0.830519
0.990035 0.830393
0.989451 0.803757
0.981935 0.799575
0.973173 0.791456
0.981017 0.789522
0.985145 0.763281
0.994677 0.734507
0.995358 0.766103
0.996446 0.776234
0.989077 0.791545
0.996498 0.795095
0.996438 0.808424
0.99658 0.823595
0.99648 0.833882
0.997108 0.843769
0.990456 0.842464
0.983082 0.840987
0.975389 0.842619
0.967178 0.84669
0.958138 0.847265
0.949481 0.849105
0.941295 0.851042
0.946726 0.858916
0.9545 0.858062
0.961667 0.857945
0.968617 0.858655
0.965167 0.868018
0.97433 0.865694
0.982734 0.866486
0.980295 0.85743
0.986581 0.851083
0.995596 0.853284
0.989061 0.860061
0.996584 0.863584
0.990349 0.870546
0.996811 0.875057
0.996835 0.88651
0.990152 0.881497
0.983727 0.876374
0.976024 0.87598
0.969061 0.877391
0.961714 0.877039
0.956722 0.86902
0.948896 0.868115
0.940161 0.864366
0.932898 0.856367
0.931879 0.866773
0.93616 0.87447
0.943404 0.875834
0.951242 0.878327
0.957039 0.884209
0.964156 0.888233
0.971196 0.888302
0.978535 0.885778
0.983327 0.89244
0.990344 0.891776
0.995829 0.897379
0.988082 0.90234
0.993634 0.913473
0.986477 0.911838
0.97968 0.906642
0.970995 0.910217
0.975241 0.897986
0.966794 0.899486
0.958844 0.895474
0.951513 0.890925
0.945337 0.886491
0.938302 0.884753
0.931309 0.881617
0.92598 0.875328
0.919174 0.877386
0.912087 0.874097
0.91778 0.867181
0.925212 0.86304
0.920433 0.855982
0.913885 0.857988
0.908801 0.863125
0.90469 0.869895
0.895907 0.869979
0.888974 0.867412
0.882634 0.863938
0.875057 0.870218
0.868504 0.867555
0.862694 0.87242
0.855259 0.8751
0.848252 0.871722
0.84227 0.876033
0.838119 0.883591
0.829992 0.882449
0.821549 0.879562
0.814102 0.880224
0.806361 0.884808
0.812512 0.889945
0.818555 0.889758
0.825098 0.889931
0.832264 0.891392
0.838742 0.893046
0.84447 0.890451
0.850986 0.891851
0.848212 0.882168
0.855904 0.884833
0.862706 0.88182
0.869669 0.877846
0.877623 0.882405
0.870733 0.887933
0.863073 0.891294
0.856571 0.895424
0.861649 0.900722
0.869147 0.897871
0.876506 0.893671
0.884077 0.890618
0.891771 0.886884
0.902071 0.891142
0.896148 0.89619
0.888925 0.897938
0.893481 0.906525
0.886652 0.908527
0.879793 0.910587
0.881598 0.900773
0.874362 0.904561
0.86628 0.906935
0.870395 0.912984
0.875656 0.918018
0.883482 0.918564
0.889689 0.917317
0.896237 0.916879
0.902622 0.913936
0.909288 0.916821
0.917138 0.915936
0.909211 0.927834
0.901891 0.923872
0.893387 0.925348
0.886678 0.92807
0.880163 0.926114
0.872955 0.92745
0.877369 0.934028
0.88307 0.937598
0.890516 0.935847
0.896937 0.932655
0.903722 0.933343
0.908341 0.939637
0.899972 0.941056
0.893947 0.944768
0.902693 0.949313
0.894959 0.953626
0.887952 0.952942
0.887221 0.944317
0.881455 0.948824
0.875169 0.953586
0.881436 0.95899
0.888077 0.962081
0.895147 0.963557
0.901392 0.958829
0.908641 0.960259
0.90288 0.968664
0.89703 0.973125
0.88969 0.972072
0.882845 0.970382
0.876611 0.966102
0.87086 0.970894
0.864896 0.974505
0.863574 0.964347
0.870484 0.960164
0.865628 0.952795
0.859543 0.956624
0.853857 0.959223
0.847744 0.956653
0.841318 0.958247
0.8359 0.963965
0.831392 0.97231
0.822694 0.969042
0.815873 0.96542
0.810236 0.960656
0.804063 0.954885
0.811047 0.951113
0.816795 0.946043
0.818717 0.956285
0.826185 0.95969
0.832798 0.954652
0.824937 0.949486
0.831108 0.944783
0.838086 0.948039
0.845101 0.947833
0.852087 0.948152
0.858354 0.946778
0.863482 0.941716
0.869922 0.946382
0.876402 0.943122
0.870742 0.937063
0.865505 0.932128
0.858527 0.932718
0.854223 0.93796
0.847636 0.938598
0.840546 0.939017
0.834021 0.93604
0.827053 0.936565
0.821596 0.940367
0.814612 0.935454
0.809367 0.941174
0.803602 0.945931
0.79761 0.950421
0.79152 0.95442
0.783918 0.953426
0.790108 0.945741
0.783022 0.943605
0.77671 0.948894
0.770458 0.954473
0.776152 0.960694
0.782734 0.9631
0.789759 0.963066
0.797325 0.961277
0.803767 0.964819
0.809823 0.972506
0.802489 0.974436
0.795027 0.97122
0.786999 0.972011
0.778938 0.972601
0.774789 0.982564
0.78349 0.982783
0.792342 0.982608
0.801021 0.984018
0.809481 0.983397
0.817905 0.979709
0.826681 0.981811
0.836304 0.98335
0.841545 0.974866
0.848007 0.967919
0.856089 0.970442
0.849932 0.980884
0.85936 0.982296
0.870551 0.983668
0.876817 0.978515
0.883802 0.980941
0.892556 0.980928
0.900957 0.981352
0.914083 0.983284
0.9238 0.980531
0.9321 0.976458
0.940827 0.971063
0.949014 0.966992
0.979795 0.966378
0.986368 0.958129
0.995083 0.95575
0.996364 0.967665
0.988415 0.973198
0.995032 0.981678
0.996171 0.994523
0.98837 0.993739
0.948 0.97983
0.939444 0.984144
0.942377 0.99412
0.931193 0.992896
0.920303 0.993923
0.908174 0.993378
0.897639 0.994067
0.886866 0.993675
0.877156 0.993282
0.868143 0.994257
0.86042 0.994004
0.852437 0.993701
0.84463 0.99194
0.837385 0.994681
0.829381 0.993824
0.82137 0.992837
0.813386 0.993984
0.803907 0.994923
0.795084 0.99436
0.786726 0.994225
0.77812 0.994247
0.769439 0.994615
0.743978 0.995405
0.732998 0.994096
0.723962 0.993404
0.716009 0.992963
0.708216 0.99175
0.704811 0.975287
0.712627 0.979148
0.721202 0.978842
0.729791 0.982607
0.735593 0.976396
0.727276 0.967382
0.716486 0.966634
0.707532 0.963779
0.69926 0.965447
0.691398 0.965468
0.683772 0.967481
0.687592 0.974424
0.685727 0.985356
0.686473 0.994584
0.679016 0.986934
0.680285 0.977413
0.673032 0.9775
0.664827 0.973177
0.65691 0.971376
0.650614 0.967551
0.643955 0.967361
0.636447 0.96417
0.629125 0.964878
0.62316 0.969605
0.616426 0.970687
0.622684 0.979181
0.628921 0.982503
0.636362 0.98274
0.632005 0.973499
0.640123 0.975103
0.648892 0.976781
0.644919 0.984484
0.65376 0.984039
0.6595 0.980594
0.664381 0.984948
0.663567 0.994775
0.657508 0.994107
0.65124 0.994025
0.645489 0.995207
0.639798 0.992318
0.633387 0.991832
0.625767 0.995685
0.619376 0.99407
0.612505 0.99563
0.605124 0.995367
0.598388 0.994762
0.591822 0.994489
0.585441 0.995199
0.577935 0.994818
0.56999 0.99517
0.562154 0.994086
0.55421 0.995495
0.546341 0.994052
0.537869 0.994538
0.529968 0.994811
0.523032 0.992613
0.512869 0.994052
0.502288 0.993742
0.489483 0.993307
0.479503 0.990812
0.457091 0.99227
0.469913 0.988441
0.485729 0.974725
0.495536 0.972832
0.495921 0.98391
0.506555 0.979071
0.517503 0.979247
0.525803 0.973062
0.536323 0.974956
0.531748 0.984325
0.54059 0.984974
0.549964 0.985762
0.546185 0.977249
0.553729 0.973919
0.560759 0.978408
0.556972 0.986033
0.566337 0.984099
0.572708 0.986839
0.578516 0.982206
0.583357 0.986539
0.589268 0.983641
0.59575 0.9841
0.601865 0.98428
0.608325 0.987571
0.614865 0.985522
0.607266 0.978107
0.599557 0.972372
0.592208 0.974335
0.584097 0.975108
0.573781 0.976932
0.567044 0.97226
0.560579 0.967375
0.55508 0.960589
0.548337 0.963256
0.541199 0.962946
0.531082 0.962376
0.521192 0.960142
0.514274 0.965876
0.505443 0.965297
0.495522 0.961899
0.496318 0.947716
0.505088 0.95419
0.513156 0.953497
0.520955 0.949411
0.528858 0.95251
0.537086 0.95356
0.545904 0.953512
0.553082 0.949713
0.559337 0.949886
0.5656 0.945315
0.573177 0.942321
0.567959 0.935035
0.56179 0.928277
0.555411 0.925038
0.548531 0.922861
0.541135 0.925374
0.534346 0.920705
0.527921 0.91585
0.522123 0.922876
0.529302 0.929369
0.536426 0.933069
0.543903 0.934531
0.550629 0.933086
0.556505 0.937826
0.548466 0.94301
0.54101 0.944701
0.53349 0.942462
0.526476 0.941724
0.522336 0.93443
0.516333 0.930378
0.509449 0.933431
0.515347 0.941965
0.506568 0.943984
0.499606 0.936161
0.488909 0.927144
0.496569 0.923208
0.503996 0.925544
0.512062 0.922002
0.518511 0.913972
0.512066 0.911069
0.504964 0.914931
0.498108 0.910549
0.492082 0.912382
0.48524 0.907498
0.476626 0.912895
0.481388 0.900995
0.485413 0.892535
0.491187 0.900492
0.497948 0.897957
0.503511 0.903733
0.509927 0.902066
0.51805 0.901257
0.523935 0.906801
0.530584 0.903965
0.526168 0.895608
0.535545 0.896149
0.542876 0.896735
0.550515 0.902216
0.542775 0.906004
0.535907 0.909428
0.541963 0.916044
0.548929 0.91269
0.555359 0.912646
0.561042 0.916868
0.568494 0.918312
0.573869 0.928395
0.579389 0.920891
0.590265 0.919382
0.600601 0.918663
0.61042 0.920781
0.617484 0.913456
0.610051 0.909472
0.600313 0.905171
0.59225 0.907825
0.582365 0.908837
0.573251 0.908454
0.565508 0.908492
0.559224 0.902989
0.567323 0.898846
0.575976 0.899276
0.583922 0.897082
0.591876 0.897494
0.599144 0.892841
0.607748 0.897262
0.617301 0.89867
0.62836 0.897033
0.636828 0.900143
0.643493 0.901966
0.650069 0.906253
0.65495 0.900214
0.661366 0.899943
0.6677 0.898013
0.673392 0.901446
0.681432 0.903111
0.689074 0.903357
0.68523 0.895804
0.678061 0.894661
0.672009 0.890558
0.664235 0.890492
0.6566 0.890626
0.649229 0.894429
0.642664 0.890577
0.636917 0.886375
0.629469 0.883034
0.621667 0.883667
0.615237 0.884696
0.606413 0.884989
0.59899 0.883056
0.591391 0.887155
0.584349 0.885601
0.577752 0.889065
0.570603 0.88951
0.562319 0.890308
0.555457 0.894425
0.548057 0.890554
0.553696 0.884673
0.560086 0.880265
0.567798 0.880468
0.576117 0.878354
0.584182 0.876386
0.593453 0.876528
0.602137 0.874227
0.610584 0.875365
0.617885 0.873912
0.626205 0.874663
0.635608 0.875884
0.631616 0.86743
0.639912 0.86768
0.646973 0.866826
0.654421 0.864562
0.661762 0.862733
0.668824 0.864279
0.675706 0.864248
0.682154 0.862433
0.688452 0.858654
0.694438 0.854644
0.700652 0.849524
0.705698 0.844703
0.711994 0.846344
0.719434 0.848034
0.726288 0.845021
0.732973 0.840672
0.739955 0.842471
0.747198 0.839024
0.757025 0.832834
0.749055 0.830633
0.740396 0.831544
0.732031 0.831629
0.725074 0.83207
0.716957 0.833948
0.719795 0.821807
0.710832 0.822246
0.701522 0.819447
0.70199 0.828063
0.707827 0.83448
0.700097 0.837473
0.693373 0.84257
0.687559 0.848683
0.682292 0.842292
0.675361 0.844839
0.680429 0.852827
0.673304 0.855039
0.666236 0.855312
0.668784 0.845971
0.661968 0.847901
0.657432 0.854823
0.650325 0.856426
0.643138 0.857419
0.635977 0.858517
0.627978 0.858724
0.622842 0.865846
0.614793 0.863274
0.607885 0.866183
0.601237 0.863994
0.594809 0.864299
0.589113 0.869299
0.582506 0.866622
0.576065 0.867477
0.569487 0.870559
0.561343 0.870896
0.552778 0.87474
0.545823 0.879275
0.540396 0.885773
0.533498 0.884914
0.527002 0.885487
0.519957 0.888324
0.513678 0.893095
0.506323 0.892561
0.500376 0.888279
0.493352 0.888513
0.487992 0.882632
0.472137 0.874109
0.47997 0.867014
0.487903 0.865136
0.496274 0.866198
0.491794 0.874249
0.498006 0.878313
0.505622 0.880623
0.512236 0.883171
0.518213 0.876498
0.524655 0.876687
0.531232 0.87365
0.538552 0.872621
0.546032 0.868284
0.55438 0.86553
0.548852 0.857614
0.55777 0.856813
0.564172 0.862329
0.571164 0.858626
0.578477 0.857601
0.586961 0.858519
0.587912 0.849109
0.594066 0.852333
0.600627 0.853435
0.607912 0.856416
0.613272 0.85002
0.619814 0.85605
0.625408 0.84965
0.632279 0.84964
0.639411 0.847724
0.647039 0.848004
0.64314 0.838699
0.649726 0.838339
0.654239 0.845756
0.659397 0.839207
0.665094 0.836979
0.671273 0.835809
0.677573 0.834435
0.683652 0.831067
0.688627 0.836154
0.69334 0.828767
0.691978 0.818529
0.686241 0.821822
0.679443 0.822888
0.673133 0.825507
0.666742 0.826851
0.660519 0.827921
0.655224 0.833084
0.649694 0.828384
0.643577 0.827743
0.637561 0.823479
0.631676 0.821799
0.624334 0.822537
0.617356 0.821647
0.610256 0.81767
0.601306 0.818008
0.594563 0.819232
0.587988 0.813917
0.5827 0.806535
0.590698 0.801467
0.584639 0.795926
0.577985 0.798376
0.571976 0.800633
0.566059 0.807447
0.561539 0.799076
0.557606 0.806344
0.550646 0.803058
0.546616 0.811773
0.554272 0.815163
0.561855 0.817163
0.569355 0.817781
0.574284 0.810123
0.579525 0.816062
0.583504 0.8239
0.57529 0.824965
0.566808 0.827282
0.55774 0.826378
0.549875 0.823376
0.542435 0.822593
0.539239 0.812896
0.539756 0.802784
0.532553 0.804254
0.527151 0.809197
0.533332 0.818461
0.525356 0.819901
0.518039 0.823252
0.511046 0.827888
0.504071 0.831417
0.495947 0.832595
0.487757 0.835749
0.491104 0.844307
0.498024 0.848099
0.501919 0.840579
0.510218 0.841337
0.516163 0.835896
0.523059 0.831477
0.530356 0.829481
0.537216 0.829989
0.543676 0.834126
0.550207 0.834342
0.555802 0.837611
0.562744 0.835199
0.572127 0.835387
0.57885 0.835882
0.585866 0.832923
0.591048 0.827237
0.598476 0.829998
0.605612 0.825935
0.612771 0.828757
0.620704 0.8324
0.629277 0.830917
0.637315 0.833429
0.633249 0.840102
0.626018 0.839945
0.619315 0.844489
0.613571 0.838727
0.606057 0.836171
0.606203 0.846288
0.599055 0.841716
0.592275 0.839354
0.584618 0.841646
0.580423 0.84852
0.57368 0.84749
0.567452 0.842649
0.565458 0.852253
0.560057 0.845888
0.553072 0.848296
0.546674 0.846098
0.540519 0.844773
0.534373 0.840494
0.527647 0.840444
0.521799 0.843251
0.516885 0.849377
0.524036 0.855827
0.529944 0.850901
0.536484 0.852951
0.541469 0.859315
0.532756 0.862688
0.524741 0.866453
0.517634 0.863758
0.5117 0.871431
0.503509 0.87046
0.507581 0.862226
0.512556 0.855888
0.506222 0.85037
0.50062 0.858232
0.492353 0.855544
0.484637 0.854071
0.481316 0.843431
0.473121 0.848296
0.473399 0.833189
0.481393 0.830426
0.489338 0.824605
0.49696 0.819691
0.504599 0.820368
0.511647 0.816005
0.518891 0.811252
0.521805 0.801492
0.513467 0.800998
0.507743 0.806795
0.501233 0.809275
0.495052 0.802082
0.5036 0.796685
0.494066 0.792352
0.486241 0.795742
0.478143 0.783816
0.488803 0.780404
0.500729 0.785886
0.510246 0.788525
0.518159 0.791139
0.525767 0.792786
0.532521 0.793001
0.53863 0.790662
0.544631 0.796783
0.549822 0.791058
0.555786 0.79288
0.562238 0.788908
0.567579 0.794307
0.572461 0.787421
0.57839 0.787851
0.583624 0.784963
0.58966 0.788758
0.595439 0.791233
0.602399 0.791299
0.610304 0.78791
0.617861 0.786102
0.624503 0.781565
0.62341 0.792944
0.629266 0.791855
0.633309 0.786198
0.640021 0.785556
0.645934 0.789665
0.652187 0.786493
0.658308 0.790429
0.652134 0.796749
0.658281 0.801725
0.664466 0.796895
0.670605 0.795484
0.664735 0.786838
0.670979 0.78562
0.677003 0.791029
0.683436 0.78971
0.687004 0.798349
0.681487 0.801036
0.675632 0.802942
0.669855 0.806185
0.663801 0.807759
0.657023 0.812629
0.652104 0.80742
0.646194 0.809208
0.639825 0.805279
0.645832 0.799821
0.63922 0.794577
0.634081 0.799696
0.628072 0.802692
0.621811 0.805026
0.617968 0.797735
0.61237 0.796523
0.606431 0.799587
0.598969 0.800985
0.595652 0.80948
0.604748 0.809355
0.612872 0.807399
0.619143 0.81317
0.62729 0.813078
0.634183 0.811359
0.641255 0.815821
0.648475 0.818377
0.654983 0.821908
0.662314 0.818175
0.668733 0.816604
0.674809 0.814532
0.68082 0.812292
0.686639 0.810099
0.692372 0.805711
0.697028 0.81296
0.701297 0.807022
0.707997 0.809728
0.715298 0.809916
0.723837 0.811307
0.73002 0.811308
0.736948 0.807389
0.743138 0.801307
0.737456 0.796595
0.732082 0.801078
0.726765 0.799254
0.720268 0.799452
0.712609 0.796959
0.705646 0.796052
0.697781 0.798625
0.69233 0.793505
0.697324 0.78704
0.699531 0.777211
0.692307 0.776017
0.689068 0.783834
0.68144 0.77987
0.675033 0.778431
0.667877 0.77653
0.660897 0.778984
0.654676 0.777643
0.648359 0.777528
0.643133 0.777336
0.636353 0.777257
0.630238 0.776629
0.625467 0.769383
0.619122 0.773383
0.613191 0.777997
0.606983 0.773603
0.605406 0.78232
0.599308 0.780922
0.593314 0.778784
0.586784 0.777377
0.578588 0.77677
0.571261 0.776385
0.565952 0.780847
0.558745 0.780452
0.551952 0.780143
0.544418 0.783484
0.535544 0.778403
0.527512 0.780504
0.518297 0.780276
0.507745 0.773879
0.497065 0.769309
0.48666 0.767936
0.488047 0.753765
0.497378 0.753895
0.506108 0.75906
0.515827 0.763051
0.523665 0.770769
0.530354 0.767337
0.537365 0.766739
0.543264 0.773486
0.549663 0.768899
0.556309 0.768618
0.562576 0.771067
0.567788 0.765747
0.575092 0.766946
0.583638 0.768641
0.590849 0.768527
0.598925 0.770174
0.604992 0.764966
0.61265 0.765905
0.619548 0.761861
0.626468 0.758952
0.632879 0.755032
0.638999 0.760111
0.632589 0.765959
0.639191 0.769487
0.645765 0.765291
0.651653 0.767989
0.658543 0.768705
0.664759 0.767524
0.671561 0.767162
0.678185 0.768916
0.685458 0.771369
0.689801 0.764561
0.696835 0.766825
0.706334 0.769549
0.714764 0.766621
0.709506 0.75775
0.701598 0.758059
0.706527 0.747201
0.69747 0.747245
0.694157 0.755826
0.687542 0.753814
0.682339 0.759586
0.675265 0.757494
0.667818 0.757077
0.661266 0.757361
0.655122 0.759655
0.650456 0.753676
0.644416 0.754259
0.639309 0.748637
0.646831 0.742882
0.656201 0.744683
0.664163 0.740851
0.672408 0.743573
0.680806 0.745628
0.68939 0.739856
0.680126 0.73339
0.670616 0.729791
0.662823 0.724167
0.655739 0.731816
0.646526 0.727563
0.637278 0.724498
0.626841 0.722997
0.616422 0.72733
0.606259 0.731263
0.596313 0.733549
0.588406 0.738266
0.580394 0.732844
0.570586 0.728939
0.561669 0.724965
0.550712 0.729118
0.540829 0.726574
0.530143 0.727562
0.521649 0.720254
0.510719 0.71951
0.502904 0.728143
0.513279 0.733127
0.522907 0.737561
0.534132 0.739466
0.544261 0.743346
0.554567 0.742888
0.563647 0.741368
0.573589 0.742502
0.582765 0.749456
0.592826 0.749615
0.601345 0.746631
0.608742 0.745908
0.615553 0.740775
0.622774 0.738419
0.630511 0.735609
0.640293 0.738093
0.63321 0.744008
0.626978 0.747679
0.620571 0.750328
0.614189 0.754041
0.607467 0.755925
0.600228 0.756995
0.594628 0.760758
0.587877 0.757279
0.580956 0.760214
0.575075 0.755743
0.568144 0.75548
0.560506 0.758559
0.552076 0.757888
0.543815 0.761108
0.534537 0.753223
0.524256 0.752622
0.514048 0.748021
0.504379 0.742852
0.494348 0.738278
0.483898 0.739936
0.486613 0.726022
0.495602 0.72044
0.490722 0.709119
0.50253 0.707777
0.515912 0.707479
0.526926 0.701588
0.537014 0.704032
0.532686 0.715239
0.54511 0.711803
0.554187 0.715817
0.562497 0.707956
0.553482 0.700741
0.544254 0.693979
0.535005 0.688863
0.544723 0.679393
0.553971 0.686233
0.563947 0.693612
0.573555 0.698193
0.585406 0.694458
0.595134 0.694799
0.605176 0.696265
0.601426 0.707349
0.591551 0.708079
0.581568 0.707726
0.570379 0.712638
0.577698 0.719155
0.588337 0.722338
0.599223 0.720814
0.609591 0.71664
0.61987 0.71508
0.613963 0.702022
0.624183 0.70418
0.623867 0.689938
0.610645 0.684307
0.618895 0.675245
0.610192 0.667742
0.601302 0.66781
0.59854 0.67946
0.588608 0.675762
0.579733 0.683049
0.57099 0.680861
0.561948 0.677826
0.552956 0.67136
0.560664 0.664218
0.553406 0.657379
0.559329 0.651604
0.566907 0.653736
0.574742 0.659862
0.568865 0.66791
0.578731 0.670733
0.584541 0.661945
0.592998 0.663063
0.600729 0.655999
0.607791 0.656053
0.615664 0.658572
0.613558 0.649371
0.622377 0.651595
0.630587 0.648324
0.638717 0.646978
0.63627 0.639693
0.643617 0.63722
0.652373 0.636508
0.659242 0.636537
0.66653 0.640343
0.674361 0.64106
0.681183 0.64272
0.686256 0.636907
0.693512 0.636479
0.700171 0.63685
0.707236 0.638035
0.713124 0.634683
0.71842 0.627064
0.711255 0.624587
0.704747 0.628755
0.697782 0.626124
0.689768 0.627736
0.683082 0.625795
0.678778 0.633055
0.671568 0.631786
0.665036 0.630076
0.659574 0.625544
0.653562 0.626144
0.647896 0.629223
0.643072 0.62436
0.637249 0.630163
0.636601 0.619412
0.631085 0.623949
0.624343 0.621618
0.617773 0.621591
0.611292 0.622941
0.606309 0.617719
0.59982 0.614186
0.59288 0.614209
0.585897 0.614475
0.579081 0.618266
0.573687 0.624118
0.56817 0.620001
0.561521 0.62206
0.559258 0.632017
0.56706 0.631428
0.574058 0.63511
0.581044 0.629607
0.587918 0.625166
0.595236 0.62237
0.601394 0.625407
0.594333 0.631409
0.600383 0.637125
0.606664 0.631059
0.613661 0.632024
0.619693 0.63187
0.625875 0.631157
0.630851 0.636089
0.624608 0.641573
0.617827 0.641924
0.610104 0.640476
0.604461 0.645732
0.596663 0.648625
0.592904 0.641191
0.58717 0.636498
0.580826 0.641314
0.587872 0.64964
0.579214 0.650923
0.572094 0.645698
0.56446 0.641917
0.556371 0.641917
0.549207 0.645536
0.545864 0.635253
0.548226 0.617073
0.553713 0.610178
0.548857 0.60503
0.551303 0.595279
0.560237 0.593429
0.568529 0.591275
0.576313 0.588557
0.584265 0.584635
0.591127 0.585978
0.597132 0.58564
0.589903 0.576783
0.596415 0.576039
0.60248 0.579188
0.609114 0.578842
0.614264 0.585169
0.606737 0.588004
0.611951 0.594499
0.618765 0.592456
0.625048 0.593138
0.630079 0.589065
0.635704 0.595071
0.629985 0.601681
0.62364 0.603075
0.617203 0.602953
0.610882 0.603625
0.605007 0.598329
0.600592 0.592327
0.594099 0.595962
0.58747 0.594426
0.580634 0.595842
0.573686 0.599518
0.566407 0.601593
0.558101 0.602696
0.564322 0.611753
0.572018 0.610794
0.578938 0.607962
0.58491 0.603892
0.591185 0.60518
0.598414 0.604043
0.605313 0.608071
0.613396 0.612657
0.621124 0.612265
0.628646 0.613179
0.634699 0.609552
0.639097 0.603591
0.643623 0.596148
0.649263 0.590737
0.65637 0.58973
0.655457 0.598452
0.662308 0.598655
0.667984 0.593138
0.674641 0.593782
0.679547 0.586296
0.687414 0.588772
0.694605 0.592512
0.702671 0.59437
0.710065 0.591901
0.717235 0.595215
0.722396 0.588351
0.716576 0.583356
0.710811 0.581111
0.70501 0.58341
0.698935 0.583992
0.692473 0.582259
0.685618 0.578392
0.6828 0.570171
0.689579 0.565464
0.692738 0.572549
0.699501 0.573227
0.70631 0.572251
0.713652 0.571746
0.718959 0.566142
0.713687 0.560554
0.718742 0.552221
0.711622 0.551054
0.703993 0.552619
0.7068 0.562143
0.699025 0.562755
0.693213 0.557382
0.697219 0.549001
0.690455 0.546891
0.684391 0.549581
0.67813 0.553015
0.681027 0.561426
0.674648 0.565655
0.670236 0.557262
0.665525 0.565446
0.657985 0.559758
0.651937 0.562529
0.646244 0.556095
0.652975 0.552025
0.661682 0.551965
0.667405 0.547994
0.673066 0.545529
0.678607 0.541892
0.685451 0.538605
0.693928 0.53761
0.701759 0.541768
0.708644 0.542221
0.715601 0.539047
0.722394 0.542601
0.729176 0.539728
0.736932 0.542483
0.739522 0.53283
0.732097 0.530586
0.739656 0.523033
0.733388 0.519113
0.72642 0.523481
0.722218 0.531587
0.71526 0.526093
0.709078 0.531995
0.701398 0.531829
0.705808 0.522733
0.698385 0.519287
0.69422 0.527269
0.687087 0.529188
0.678881 0.531904
0.670557 0.53488
0.663324 0.540239
0.65601 0.543724
0.648324 0.544043
0.641598 0.546546
0.639193 0.55535
0.629399 0.553638
0.623462 0.549826
0.616855 0.5534
0.622672 0.559587
0.616508 0.56443
0.62248 0.570475
0.628452 0.564939
0.634722 0.562542
0.641413 0.565306
0.647649 0.569257
0.656669 0.57045
0.663677 0.575502
0.670321 0.57339
0.677248 0.57667
0.670975 0.583565
0.663505 0.586649
0.658197 0.580663
0.651966 0.579435
0.645745 0.58067
0.640716 0.586937
0.634634 0.582803
0.640343 0.575353
0.633972 0.57234
0.628216 0.577057
0.622775 0.582741
0.6171 0.576569
0.611817 0.570487
0.605385 0.56917
0.599058 0.566929
0.59228 0.567092
0.585127 0.570882
0.580366 0.565169
0.574898 0.570978
0.579599 0.578033
0.571835 0.580845
0.56425 0.583252
0.557534 0.583651
0.551221 0.585171
0.553335 0.574079
0.559945 0.572978
0.566767 0.573756
0.569677 0.565395
0.563293 0.563691
0.556733 0.563322
0.549608 0.562793
0.543044 0.565425
0.535758 0.567989
0.529177 0.574043
0.521163 0.580196
0.513951 0.587015
0.508374 0.58413
0.512864 0.573351
0.517247 0.560484
0.523707 0.56314
0.530568 0.560009
0.5387 0.557364
0.545681 0.553421
0.553141 0.554279
0.559898 0.553132
0.566689 0.55553
0.574353 0.558833
0.581557 0.555461
0.587586 0.559738
0.59481 0.557053
0.60286 0.558616
0.609984 0.559995
0.607679 0.549926
0.599673 0.549964
0.595195 0.543386
0.589756 0.549089
0.583589 0.546175
0.576508 0.548554
0.570318 0.548745
0.564201 0.543704
0.557568 0.542816
0.551346 0.545684
0.545921 0.540693
0.539912 0.545704
0.534077 0.549626
0.528033 0.548685
0.521657 0.551738
0.52395 0.540744
0.526876 0.530735
0.532251 0.537858
0.53951 0.535872
0.536821 0.527595
0.531592 0.522936
0.525743 0.517648
0.52081 0.510495
0.512973 0.507377
0.506053 0.508864
0.509258 0.517435
0.515715 0.517567
0.520302 0.524036
0.512962 0.528316
0.505798 0.534813
0.499012 0.540057
0.498206 0.529217
0.505778 0.525593
0.501427 0.51832
0.486489 0.516554
0.492952 0.501584
0.5008 0.495427
0.494823 0.487793
0.500193 0.480621
0.494747 0.473841
0.495723 0.461928
0.501149 0.466973
0.508129 0.464161
0.514823 0.460764
0.521843 0.458024
0.527943 0.455139
0.534231 0.451173
0.540361 0.44758
0.546712 0.448872
0.553618 0.449018
0.559299 0.454813
0.566714 0.450941
0.573361 0.444441
0.580959 0.444718
0.586861 0.439569
0.589486 0.431109
0.596242 0.428367
0.602153 0.422513
0.608308 0.420552
0.615352 0.4202
0.621581 0.413513
0.628305 0.410419
0.635303 0.405522
0.64274 0.409824
0.649115 0.402741
0.641471 0.397991
0.633985 0.392997
0.628681 0.39964
0.622115 0.400916
0.615791 0.395208
0.608673 0.392103
0.612778 0.384769
0.619836 0.387401
0.626127 0.389602
0.630541 0.380085
0.623734 0.378128
0.617008 0.377115
0.610507 0.374698
0.603805 0.371344
0.596136 0.368418
0.589954 0.37537
0.583033 0.368866
0.589034 0.36513
0.594977 0.359107
0.588561 0.354495
0.58282 0.358502
0.578729 0.352022
0.572037 0.356784
0.576939 0.364627
0.570456 0.36631
0.564894 0.360561
0.558437 0.365163
0.552057 0.367381
0.545129 0.367194
0.539824 0.362214
0.533595 0.365427
0.526772 0.365471
0.520782 0.362295
0.513745 0.360645
0.506877 0.357518
0.500141 0.355501
0.493576 0.361368
0.50018 0.365345
0.506803 0.367522
0.512287 0.371248
0.518843 0.371243
0.524664 0.375214
0.530936 0.374862
0.538823 0.373707
0.546606 0.375983
0.554506 0.378075
0.560217 0.37664
0.565331 0.372875
0.57193 0.375687
0.577782 0.375855
0.583576 0.379476
0.575949 0.38651
0.568084 0.383369
0.561479 0.386012
0.555472 0.390734
0.562767 0.395289
0.5693 0.393461
0.575044 0.398068
0.58088 0.3953
0.584072 0.388903
0.589995 0.386088
0.595474 0.382786
0.598955 0.376836
0.605966 0.381461
0.60188 0.387947
0.596363 0.393001
0.590335 0.396594
0.585637 0.40226
0.579509 0.405761
0.570726 0.404841
0.565172 0.405181
0.558746 0.402659
0.552901 0.400541
0.547372 0.40159
0.541853 0.405651
0.535723 0.401823
0.528892 0.401427
0.5234 0.404558
0.517686 0.400098
0.511687 0.402708
0.505023 0.406529
0.510841 0.414793
0.51809 0.411543
0.525485 0.4141
0.531891 0.411067
0.538493 0.41325
0.54765 0.410975
0.554388 0.410857
0.560932 0.412838
0.567906 0.416517
0.574226 0.412468
0.580037 0.416487
0.585657 0.412695
0.591445 0.408339
0.596815 0.403625
0.602755 0.398473
0.609157 0.401997
0.616039 0.406507
0.610151 0.411669
0.602857 0.41035
0.596391 0.415946
0.590044 0.420549
0.583227 0.425329
0.579745 0.434126
0.573054 0.433535
0.574891 0.423511
0.567465 0.426194
0.559453 0.422449
0.552134 0.419858
0.54506 0.418931
0.538956 0.422788
0.531993 0.422037
0.525209 0.423844
0.518715 0.421546
0.514273 0.428341
0.508767 0.434236
0.504171 0.443017
0.511199 0.443146
0.51717 0.438855
0.521985 0.43317
0.529056 0.432548
0.536345 0.431104
0.545495 0.428517
0.553201 0.429222
0.561353 0.431945
0.567185 0.438237
0.561296 0.443909
0.555816 0.438553
0.549027 0.438447
0.542043 0.437604
0.534781 0.440535
0.528184 0.442722
0.522814 0.446533
0.516824 0.450139
0.510277 0.452939
0.504385 0.456218
0.499468 0.45183
0.474988 0.442271
0.485616 0.4236
0.493621 0.420685
0.502118 0.417192
0.494656 0.408873
0.500831 0.399197
0.507757 0.392952
0.514769 0.390453
0.522878 0.393365
0.530949 0.392705
0.537146 0.391204
0.542065 0.395653
0.547919 0.392055
0.549543 0.383966
0.542083 0.384029
0.534783 0.382442
0.527577 0.385
0.520807 0.383306
0.514859 0.380409
0.508331 0.379763
0.501896 0.376303
0.495088 0.37359
0.488307 0.370796
0.480766 0.370278
0.473578 0.366355
0.472276 0.355639
0.478718 0.360098
0.486069 0.361047
0.482032 0.352085
0.489765 0.351357
0.496583 0.348862
0.504633 0.347477
0.511503 0.349019
0.517248 0.345775
0.519773 0.353717
0.527583 0.355462
0.534129 0.354475
0.540839 0.352397
0.547058 0.357117
0.553148 0.354977
0.559942 0.353294
0.566617 0.348622
0.573046 0.346866
0.579786 0.341506
0.585419 0.345123
0.59201 0.346088
0.59729 0.349572
0.604225 0.347326
0.610581 0.34264
0.604859 0.337214
0.598601 0.339468
0.59178 0.336675
0.58558 0.33379
0.578871 0.331231
0.573353 0.337553
0.567134 0.336864
0.560944 0.34201
0.554548 0.344443
0.549926 0.339129
0.545703 0.34533
0.537413 0.344036
0.53051 0.344317
0.524287 0.346295
0.523994 0.336851
0.518028 0.331656
0.511286 0.331009
0.505019 0.325188
0.513567 0.321517
0.519964 0.316066
0.527656 0.315282
0.534275 0.314591
0.541483 0.315477
0.547907 0.311669
0.544048 0.303406
0.537689 0.305675
0.530351 0.304603
0.52374 0.305008
0.517588 0.303894
0.513074 0.310603
0.506974 0.31532
0.499301 0.317306
0.492695 0.313423
0.5038 0.306475
0.496772 0.304203
0.48957 0.304374
0.487172 0.297182
0.479991 0.290049
0.489366 0.28995
0.491665 0.283246
0.498141 0.281767
0.498266 0.233905
0.516061 0.224087
0.529125 0.219239
0.52917 0.227513
0.536845 0.225695
0.539705 0.215882
0.533779 0.209109
0.526242 0.210975
0.521645 0.203622
0.528528 0.199308
0.523483 0.192245
0.516952 0.194749
0.516715 0.184767
0.512988 0.177896
0.524682 0.183379
0.531786 0.187622
0.5382 0.182
0.532284 0.173425
0.541162 0.17195
0.54805 0.172109
0.55518 0.173443
0.562097 0.17718
0.558453 0.183397
0.551463 0.181382
0.545421 0.184077
0.540646 0.191901
0.535463 0.197962
0.541637 0.204594
0.547293 0.211773
0.556894 0.21052
0.564475 0.211255
0.571463 0.204204
0.567738 0.195761
0.561798 0.202324
0.55387 0.201239
0.547774 0.19542
0.553815 0.190632
0.560846 0.192724
0.566274 0.184046
0.571887 0.186901
0.575684 0.193786
0.581583 0.196234
0.579135 0.204284
0.585948 0.204009
0.591901 0.201765
0.597435 0.197979
0.603644 0.194564
0.609392 0.198624
0.615996 0.198143
0.621944 0.19495
0.628533 0.196705
0.633451 0.200389
0.639554 0.195597
0.644249 0.203979
0.650469 0.203761
0.657219 0.204233
0.661566 0.197087
0.668185 0.194572
0.674007 0.190365
0.681314 0.188371
0.687801 0.183933
0.681852 0.176865
0.674808 0.179909
0.66804 0.182359
0.661697 0.187904
0.659053 0.180383
0.651103 0.184578
0.65374 0.194274
0.646408 0.192977
0.640671 0.185716
0.634041 0.186607
0.627547 0.188132
0.620072 0.186709
0.612928 0.186791
0.606222 0.186499
0.597661 0.188618
0.59012 0.192016
0.586201 0.183061
0.592716 0.181511
0.599994 0.179346
0.606705 0.176798
0.612633 0.174984
0.618973 0.178052
0.626284 0.179656
0.632414 0.175017
0.63908 0.174688
0.644989 0.179524
0.649258 0.173903
0.656477 0.172165
0.664327 0.173912
0.673044 0.170298
0.667133 0.16595
0.672178 0.15919
0.66551 0.156921
0.669474 0.149409
0.660976 0.151783
0.655311 0.156377
0.660059 0.163744
0.652035 0.164605
0.644415 0.166596
0.63656 0.16456
0.630432 0.163925
0.624836 0.170544
0.617763 0.168608
0.60939 0.165729
0.602373 0.168911
0.594277 0.171426
0.586446 0.173621
0.582898 0.166684
0.582585 0.157403
0.589672 0.161373
0.597117 0.162125
0.603493 0.1574
0.594622 0.152577
0.587224 0.147924
0.579219 0.149368
0.572268 0.144188
0.579288 0.139766
0.573927 0.124356
0.592927 0.118481
0.601257 0.118333
0.609166 0.126464
0.615514 0.131961
0.611618 0.137751
0.620207 0.138364
0.625652 0.142231
0.621063 0.150344
0.614724 0.146344
0.612417 0.156848
0.617787 0.15944
0.623831 0.160704
0.628223 0.153862
0.631043 0.145958
0.63551 0.152797
0.640961 0.158092
0.648634 0.155731
0.646048 0.147146
0.6544 0.147159
0.661913 0.143433
0.667758 0.140657
0.664662 0.132817
0.65823 0.135777
0.652487 0.138577
0.64679 0.139314
0.641959 0.135721
0.641656 0.125969
0.648087 0.130125
0.654543 0.127029
0.661384 0.125611
0.661481 0.117143
0.655098 0.115385
0.648763 0.120509
0.641616 0.117009
0.64829 0.110315
0.640622 0.107882
0.63832 0.0991213
0.633614 0.0912617
0.629143 0.0811922
0.636588 0.083596
0.642496 0.0904819
0.646664 0.0994653
0.654124 0.103156
0.660899 0.10711
0.660783 0.0965229
0.652471 0.0922477
0.65346 0.082708
0.657306 0.0750315
0.660683 0.0857696
0.687734 0.0883731
0.685767 0.0977738
0.684168 0.107431
0.682211 0.117226
0.681335 0.126882
0.68833 0.127966
0.681822 0.136523
0.688562 0.138825
0.694105 0.136843
0.69715 0.146046
0.691009 0.150215
0.68366 0.145993
0.684882 0.155376
0.681821 0.163923
0.688759 0.171533
0.694801 0.175903
0.702407 0.172777
0.709777 0.170212
0.704351 0.162949
0.696792 0.16641
0.690493 0.161669
0.697789 0.156697
0.704406 0.151689
0.709859 0.156619
0.714075 0.161967
0.720419 0.156598
0.716099 0.150518
0.710843 0.146734
0.707985 0.139575
0.716042 0.138321
0.712189 0.130256
0.720574 0.127066
0.716492 0.121304
0.722172 0.113947
0.728712 0.105073
0.7269 0.119102
0.728495 0.128973
0.722987 0.135145
0.728837 0.139293
0.721464 0.144589
0.727287 0.148689
0.726344 0.157585
0.736616 0.161598
0.74321 0.164656
0.751151 0.161728
0.758336 0.166657
0.758047 0.155155
0.751186 0.150143
0.744917 0.155041
0.73901 0.150889
0.743451 0.143823
0.744567 0.135128
0.751423 0.138934
0.758174 0.144238
0.759529 0.133887
0.754994 0.128414
0.748591 0.126816
0.75378 0.118258
0.761526 0.12109
0.759808 0.110801
0.766691 0.104362
0.776434 0.0939439
0.798855 0.119259
0.792297 0.130745
0.799312 0.133148
0.805456 0.141613
0.808764 0.152187
0.809784 0.165136
0.789286 0.161186
0.790499 0.15172
0.792716 0.141745
0.786054 0.141823
0.782163 0.152002
0.776981 0.159633
0.782705 0.165528
0.789383 0.172142
0.780685 0.17604
0.773877 0.169073
0.7689 0.176503
0.774096 0.18287
0.780642 0.187067
0.7875 0.183258
0.794212 0.179981
0.79958 0.18472
0.808409 0.182423
0.821568 0.188662
0.811246 0.191638
0.803407 0.193713
0.79528 0.193511
0.787642 0.194013
0.779273 0.196354
0.771862 0.193867
0.765821 0.186379
0.762061 0.195464
0.753356 0.192324
0.746087 0.193879
0.738067 0.193922
0.729661 0.193269
0.730985 0.183687
0.736809 0.183654
0.74316 0.186359
0.749992 0.182768
0.757207 0.18045
0.753538 0.172693
0.747769 0.17146
0.743269 0.177396
0.738456 0.171982
0.733013 0.173124
0.72424 0.166012
0.717722 0.168403
0.722201 0.174946
0.719423 0.183268
0.714386 0.177869
0.707783 0.180843
0.70123 0.182816
0.694632 0.185185
0.698689 0.192835
0.705445 0.192052
0.711926 0.189341
0.717911 0.19192
0.714996 0.20013
0.70869 0.20143
0.701771 0.202277
0.695086 0.201143
0.690642 0.193407
0.685571 0.198489
0.678745 0.198631
0.673381 0.203717
0.666564 0.205107
0.661756 0.212228
0.655257 0.214755
0.649049 0.213504
0.640479 0.217214
0.633908 0.215866
0.625472 0.215149
0.630016 0.208009
0.623523 0.203916
0.619163 0.210358
0.612699 0.208531
0.605985 0.210681
0.60226 0.204702
0.596565 0.209304
0.59082 0.212808
0.584092 0.215174
0.577184 0.212436
0.571209 0.215237
0.566456 0.221488
0.559809 0.221429
0.553115 0.218929
0.546538 0.222497
0.543989 0.230363
0.539634 0.236311
0.545677 0.243939
0.549606 0.236979
0.55317 0.22938
0.559183 0.232755
0.565358 0.231216
0.572275 0.227012
0.578177 0.222172
0.584038 0.227632
0.590766 0.222426
0.599421 0.217711
0.608556 0.218922
0.615248 0.219577
0.621358 0.223026
0.628713 0.223645
0.633872 0.22896
0.640823 0.22901
0.647064 0.224398
0.655021 0.225843
0.661976 0.223197
0.668374 0.215543
0.673118 0.223022
0.679796 0.227341
0.687615 0.228711
0.694948 0.23077
0.703391 0.231213
0.711825 0.232309
0.720039 0.231917
0.728002 0.234063
0.735161 0.228917
0.741634 0.224504
0.747905 0.225948
0.755378 0.225619
0.762509 0.227188
0.769323 0.224449
0.77686 0.223088
0.783427 0.229022
0.786965 0.220923
0.787342 0.212064
0.779538 0.214745
0.769976 0.214248
0.761678 0.216272
0.751748 0.216363
0.742134 0.212292
0.736317 0.217648
0.729502 0.221953
0.723456 0.223929
0.716227 0.221335
0.708949 0.222054
0.701659 0.221432
0.694906 0.220888
0.689058 0.21772
0.682461 0.219185
0.676043 0.213426
0.68281 0.208649
0.690483 0.207783
0.698046 0.211532
0.706033 0.21181
0.713523 0.211137
0.722011 0.21272
0.731617 0.211226
0.725156 0.203814
0.732817 0.201609
0.739464 0.204221
0.747621 0.202134
0.755552 0.207534
0.761657 0.205412
0.767976 0.20307
0.775069 0.205882
0.78304 0.204348
0.791248 0.204256
0.798754 0.204788
0.806985 0.202867
0.804173 0.213531
0.795 0.215925
0.801206 0.223072
0.792409 0.228015
0.79854 0.23264
0.794365 0.241599
0.788184 0.238148
0.780929 0.23845
0.775022 0.232766
0.767555 0.235409
0.765088 0.244678
0.773327 0.243584
0.78163 0.247679
0.788783 0.250334
0.796684 0.259796
0.791569 0.266405
0.786633 0.273302
0.790423 0.279483
0.782743 0.28228
0.775329 0.284189
0.770551 0.275693
0.764665 0.282539
0.756467 0.282207
0.749071 0.286916
0.741975 0.287181
0.73522 0.28584
0.727719 0.287832
0.721227 0.28837
0.717553 0.295324
0.714261 0.303646
0.723717 0.302532
0.730296 0.296759
0.737842 0.298893
0.744993 0.298618
0.752596 0.296215
0.760166 0.29236
0.768494 0.290566
0.775524 0.294116
0.781683 0.293211
0.788326 0.289956
0.793378 0.295488
0.795384 0.285314
0.801772 0.281188
0.79639 0.27388
0.802178 0.269654
0.807269 0.275812
0.81277 0.272362
0.820736 0.27475
0.828381 0.276438
0.835365 0.276377
0.842146 0.272001
0.848162 0.2752
0.854796 0.270667
0.862645 0.265509
0.8552 0.261281
0.847941 0.264573
0.847272 0.254135
0.840469 0.246923
0.832786 0.244774
0.826154 0.245185
0.820775 0.24947
0.814663 0.254325
0.821123 0.259236
0.827614 0.256064
0.83469 0.255507
0.841464 0.259095
0.837076 0.266205
0.831091 0.266053
0.824795 0.267053
0.816829 0.265686
0.809473 0.261633
0.803177 0.261399
0.803251 0.252005
0.809884 0.246845
0.817455 0.241124
0.826586 0.236652
0.83562 0.235787
0.844022 0.235152
0.848098 0.243336
0.85447 0.237582
0.86413 0.23977
0.853785 0.25128
0.86139 0.254096
0.868182 0.257162
0.874482 0.252813
0.8842 0.260516
0.878279 0.270892
0.869691 0.273191
0.875035 0.280202
0.870488 0.287866
0.8658 0.282544
0.861222 0.275873
0.854554 0.28092
0.848083 0.285315
0.841273 0.28314
0.832928 0.285489
0.82491 0.284834
0.818218 0.28292
0.812517 0.283769
0.806945 0.288095
0.800332 0.291839
0.805227 0.298683
0.811322 0.2958
0.817872 0.29295
0.825301 0.293714
0.832011 0.294173
0.839477 0.292609
0.846151 0.295108
0.852707 0.293354
0.859123 0.288012
0.864286 0.293868
0.857469 0.299478
0.850368 0.30526
0.843269 0.303915
0.836552 0.301626
0.828632 0.302512
0.821551 0.301417
0.815068 0.303818
0.809519 0.308229
0.80301 0.307388
0.798216 0.302022
0.792297 0.305574
0.786025 0.301459
0.778504 0.305005
0.77107 0.300618
0.764068 0.302668
0.757041 0.304293
0.75492 0.314063
0.748328 0.308456
0.74077 0.312033
0.733857 0.31806
0.732308 0.307589
0.72563 0.314206
0.718169 0.311992
0.709838 0.31187
0.702155 0.312484
0.69477 0.313027
0.687858 0.312647
0.69075 0.302186
0.698028 0.301753
0.704713 0.301736
0.709658 0.295867
0.711377 0.28664
0.703419 0.288462
0.696389 0.290852
0.689528 0.29098
0.684167 0.297357
0.677761 0.300367
0.671048 0.295838
0.663842 0.296806
0.657608 0.290775
0.665183 0.28594
0.671959 0.283443
0.677776 0.289513
0.683447 0.283943
0.690573 0.280462
0.697414 0.278651
0.703418 0.276045
0.709853 0.275987
0.716359 0.279375
0.723092 0.277542
0.729551 0.277362
0.735062 0.272182
0.741871 0.276233
0.74879 0.275785
0.754486 0.270391
0.762177 0.273197
0.759852 0.263304
0.767226 0.265099
0.774456 0.263899
0.782289 0.258319
0.775558 0.253389
0.768517 0.254388
0.761009 0.253437
0.753658 0.257056
0.748303 0.263507
0.741166 0.266168
0.734682 0.259431
0.742797 0.256767
0.739818 0.248014
0.747695 0.248505
0.754879 0.245558
0.758822 0.236507
0.750266 0.236671
0.742523 0.236539
0.735173 0.238812
0.732286 0.247651
0.725189 0.243852
0.717977 0.240437
0.711505 0.244441
0.70509 0.241456
0.697834 0.23995
0.689466 0.239661
0.682536 0.23758
0.67497 0.234523
0.668172 0.229694
0.662764 0.234648
0.657118 0.239171
0.65053 0.233909
0.651146 0.245335
0.644702 0.239179
0.637496 0.239084
0.629606 0.240806
0.625453 0.233134
0.618237 0.231868
0.611167 0.22932
0.603876 0.225782
0.596965 0.227577
0.590408 0.233306
0.597295 0.238333
0.604827 0.235405
0.612768 0.240365
0.621442 0.243923
0.616303 0.252081
0.623219 0.255904
0.629338 0.252013
0.635804 0.248728
0.64309 0.2505
0.649707 0.255248
0.653547 0.263305
0.661022 0.266171
0.670314 0.264615
0.677572 0.265713
0.680136 0.256333
0.672541 0.253823
0.66495 0.25668
0.657801 0.252379
0.664301 0.245805
0.670721 0.242475
0.678368 0.245808
0.686041 0.250423
0.693026 0.248262
0.699719 0.250982
0.705941 0.253617
0.712547 0.255921
0.718705 0.250051
0.720459 0.259236
0.72701 0.254794
0.727655 0.265973
0.720029 0.268905
0.713677 0.266539
0.706563 0.265017
0.699809 0.263742
0.693201 0.258386
0.686336 0.26275
0.692894 0.269558
0.684542 0.272881
0.676885 0.276091
0.66776 0.273983
0.660002 0.278429
0.653916 0.273955
0.647048 0.272852
0.638364 0.270411
0.644554 0.263027
0.637512 0.25917
0.630839 0.263004
0.624267 0.267472
0.617226 0.263886
0.610275 0.260562
0.603242 0.255931
0.609554 0.249584
0.603624 0.244688
0.59693 0.250034
0.590558 0.24422
0.583749 0.239323
0.577705 0.234292
0.570574 0.238086
0.57567 0.245486
0.583587 0.249349
0.577596 0.255372
0.571486 0.258513
0.567688 0.249833
0.563382 0.242663
0.556466 0.24245
0.551715 0.250007
0.558217 0.254002
0.562716 0.25997
0.567364 0.266365
0.573843 0.270187
0.579371 0.265716
0.584582 0.26016
0.590469 0.255955
0.596173 0.261581
0.603325 0.266927
0.61049 0.271915
0.619133 0.275009
0.613365 0.281525
0.606818 0.283293
0.601574 0.277093
0.595285 0.27128
0.588153 0.269806
0.58123 0.275439
0.5859 0.28273
0.593635 0.281037
0.599213 0.288662
0.605885 0.293162
0.613145 0.292437
0.619434 0.287506
0.625752 0.281666
0.630377 0.273544
0.634992 0.280687
0.642815 0.281105
0.651382 0.284727
0.646223 0.291741
0.637956 0.290231
0.630873 0.290088
0.623954 0.294694
0.629203 0.300599
0.635108 0.302017
0.641074 0.299193
0.646799 0.303482
0.6533 0.300012
0.660077 0.305325
0.667319 0.307794
0.673601 0.30841
0.681613 0.30931
0.676902 0.318008
0.670011 0.320823
0.662784 0.316854
0.655298 0.312885
0.648379 0.313327
0.639713 0.310238
0.630611 0.311445
0.623736 0.306391
0.617308 0.301075
0.609222 0.301789
0.601134 0.300574
0.594706 0.298002
0.590346 0.291049
0.583377 0.295506
0.577423 0.292296
0.572416 0.297918
0.565428 0.293921
0.57088 0.285826
0.563822 0.280738
0.556047 0.276804
0.548069 0.274085
0.540466 0.273911
0.536436 0.280305
0.531472 0.274983
0.524915 0.279207
0.517907 0.282334
0.5111 0.286222
0.504296 0.28556
0.496967 0.292996
0.50351 0.295905
0.510061 0.30013
0.516329 0.293963
0.521929 0.292521
0.527473 0.293293
0.532372 0.28706
0.534535 0.296154
0.541218 0.295106
0.548575 0.292816
0.541042 0.286084
0.546965 0.282889
0.553421 0.285512
0.559757 0.288029
0.556333 0.296439
0.550459 0.301951
0.555714 0.307344
0.561732 0.303155
0.567572 0.306528
0.574366 0.311629
0.56909 0.317081
0.561543 0.314467
0.554058 0.316006
0.548671 0.322442
0.541373 0.325384
0.534068 0.324438
0.523761 0.323989
0.52779 0.329844
0.533004 0.334705
0.54011 0.335436
0.546833 0.331919
0.55442 0.332517
0.561091 0.331965
0.556611 0.323938
0.564319 0.32386
0.572039 0.32689
0.577368 0.320584
0.583884 0.32354
0.590487 0.32481
0.595878 0.328877
0.602034 0.328298
0.610092 0.330387
0.616445 0.335762
0.62369 0.331656
0.618384 0.324909
0.612341 0.320446
0.605496 0.320026
0.597656 0.318437
0.589766 0.314764
0.582976 0.312587
0.588214 0.303761
0.595647 0.308421
0.603433 0.310298
0.610951 0.310667
0.617473 0.312438
0.623366 0.31644
0.627331 0.322677
0.63439 0.319078
0.642303 0.31963
0.650133 0.324526
0.65695 0.324209
0.663811 0.328484
0.656504 0.335106
0.648394 0.336518
0.643944 0.330067
0.637441 0.327675
0.631247 0.330373
0.638602 0.337532
0.630248 0.33914
0.622906 0.341177
0.616562 0.347806
0.623586 0.350171
0.629881 0.348732
0.636167 0.346489
0.643728 0.346103
0.651532 0.345988
0.658797 0.345338
0.664881 0.339952
0.671131 0.333887
0.678359 0.329212
0.684612 0.322815
0.692042 0.325136
0.699874 0.323449
0.707712 0.322287
0.716505 0.321728
0.725662 0.324306
0.734199 0.327873
0.74173 0.325928
0.748246 0.320383
0.756821 0.324206
0.764132 0.328166
0.770594 0.321891
0.762989 0.315454
0.770582 0.31045
0.777263 0.316981
0.783889 0.312832
0.790441 0.316003
0.797056 0.313635
0.803639 0.316106
0.809629 0.318507
0.815112 0.315692
0.821603 0.319366
0.819506 0.310337
0.825695 0.310897
0.832961 0.309951
0.838627 0.312688
0.844369 0.314119
0.836606 0.322406
0.830142 0.318367
0.826283 0.325433
0.830954 0.33014
0.835727 0.335265
0.841228 0.331668
0.846588 0.335944
0.852142 0.339772
0.858299 0.344587
0.859438 0.352994
0.866607 0.350786
0.876229 0.354746
0.88339 0.360222
0.889345 0.367432
0.865929 0.388757
0.861248 0.379534
0.856815 0.386264
0.849911 0.387676
0.843235 0.382932
0.8503 0.378278
0.856 0.372613
0.850041 0.367016
0.844025 0.371998
0.837528 0.376382
0.830323 0.379607
0.83585 0.386631
0.828516 0.390704
0.823229 0.384569
0.816679 0.38693
0.809614 0.38679
0.802763 0.387246
0.795913 0.386946
0.787852 0.383717
0.793811 0.377314
0.802309 0.3769
0.809909 0.377154
0.817581 0.37785
0.824987 0.373931
0.81954 0.368408
0.813302 0.368989
0.807286 0.366089
0.800448 0.365893
0.793534 0.367843
0.786303 0.371014
0.781096 0.378743
0.773839 0.374715
0.768381 0.381453
0.762881 0.373927
0.755597 0.377794
0.748099 0.383279
0.754402 0.390028
0.761683 0.386888
0.769983 0.39329
0.775859 0.386658
0.782742 0.391499
0.790542 0.394752
0.798113 0.39813
0.805398 0.397513
0.813446 0.394362
0.821301 0.395769
0.8275 0.401734
0.834276 0.396687
0.841837 0.393586
0.849041 0.395924
0.856614 0.398734
0.865174 0.406326
0.856591 0.408759
0.859059 0.415675
0.866055 0.416888
0.870076 0.425383
0.874812 0.432841
0.87889 0.441589
0.869902 0.439792
0.861995 0.441621
0.854585 0.444287
0.847308 0.446025
0.840755 0.44856
0.835011 0.442196
0.841693 0.436047
0.849084 0.434344
0.856323 0.43375
0.864685 0.432445
0.86104 0.424798
0.853379 0.4232
0.845582 0.424352
0.838796 0.426282
0.833057 0.432388
0.826185 0.435922
0.820422 0.429257
0.827432 0.424484
0.833497 0.419755
0.840338 0.414683
0.848537 0.4145
0.850672 0.404903
0.844131 0.404451
0.837904 0.404238
0.832493 0.409741
0.825758 0.412679
0.820388 0.418393
0.814271 0.422853
0.807957 0.428184
0.801981 0.421018
0.808928 0.415996
0.817438 0.409062
0.810879 0.405473
0.802623 0.408085
0.796348 0.414543
0.792725 0.406159
0.785385 0.40297
0.777447 0.399324
0.771556 0.405709
0.763888 0.398545
0.756898 0.40113
0.748543 0.398606
0.740769 0.40305
0.734386 0.396238
0.741967 0.391081
0.73474 0.384196
0.740692 0.379156
0.742534 0.369839
0.749929 0.370004
0.757856 0.364838
0.752397 0.357413
0.744716 0.359529
0.737443 0.360689
0.731158 0.356569
0.724257 0.35351
0.716817 0.351284
0.710623 0.357812
0.703794 0.359763
0.696735 0.357124
0.68978 0.353189
0.68445 0.346114
0.693607 0.344001
0.701329 0.347231
0.708471 0.345859
0.715414 0.340952
0.723 0.342242
0.730833 0.345203
0.738484 0.349352
0.746217 0.349417
0.752335 0.343623
0.758485 0.349518
0.768241 0.348586
0.774485 0.342581
0.781715 0.339841
0.787666 0.33283
0.788908 0.342031
0.795544 0.346626
0.786978 0.350532
0.779278 0.35135
0.772942 0.356878
0.763943 0.357098
0.76843 0.366525
0.777783 0.366021
0.783939 0.360362
0.791245 0.358621
0.797874 0.355862
0.803609 0.355822
0.808521 0.353366
0.814481 0.35951
0.822206 0.360605
0.827915 0.364955
0.833421 0.369097
0.839837 0.364345
0.845666 0.358656
0.852167 0.35677
0.852238 0.349155
0.845888 0.347355
0.840025 0.342779
0.833827 0.34766
0.839708 0.353474
0.833947 0.358441
0.827981 0.354664
0.819983 0.352378
0.81402 0.348818
0.809635 0.342489
0.802614 0.342598
0.809117 0.333755
0.815697 0.335127
0.818772 0.342373
0.825065 0.34652
0.829932 0.340662
0.82423 0.336046
0.82044 0.328685
0.814264 0.325381
0.806008 0.325374
0.799028 0.323942
0.792654 0.325755
0.784512 0.323563
0.778249 0.329305
0.771226 0.333504
0.76436 0.340467
0.757955 0.335684
0.750299 0.331671
0.744402 0.338499
0.737098 0.337742
0.728609 0.334543
0.720203 0.331762
0.711813 0.332216
0.704253 0.334454
0.696884 0.334667
0.687357 0.335179
0.678497 0.339979
0.671735 0.346231
0.665102 0.352024
0.657178 0.355059
0.649637 0.356395
0.641885 0.35626
0.634656 0.356918
0.62837 0.359089
0.621422 0.358665
0.614883 0.35876
0.609409 0.354041
0.601687 0.355695
0.603623 0.362721
0.610302 0.365778
0.618214 0.367856
0.625461 0.368538
0.632411 0.369062
0.639262 0.365559
0.646676 0.366042
0.655681 0.365162
0.663122 0.36329
0.671213 0.360104
0.677463 0.353456
0.683213 0.359324
0.69036 0.364535
0.684897 0.370677
0.677094 0.367998
0.668438 0.371526
0.674547 0.379444
0.682276 0.380158
0.6908 0.379292
0.698054 0.380406
0.696561 0.369264
0.70417 0.371813
0.71179 0.368819
0.718606 0.362653
0.726363 0.365839
0.734098 0.370546
0.72785 0.377655
0.720027 0.374529
0.712502 0.379153
0.705568 0.383762
0.712824 0.389594
0.720256 0.386767
0.727976 0.38868
0.724876 0.397572
0.716295 0.399702
0.707121 0.396191
0.69979 0.39176
0.692861 0.392208
0.685948 0.390078
0.67788 0.390601
0.668471 0.385453
0.660994 0.38721
0.653682 0.38388
0.661188 0.376475
0.652998 0.373493
0.646631 0.377682
0.639688 0.375363
0.636884 0.384213
0.643081 0.387011
0.64861 0.391696
0.655728 0.395462
0.663949 0.396843
0.671664 0.397954
0.679489 0.402188
0.686309 0.402336
0.694114 0.404075
0.701073 0.403152
0.708808 0.4072
0.715657 0.412516
0.722856 0.407755
0.731124 0.405906
0.73706 0.414188
0.744998 0.412844
0.7525 0.40965
0.762828 0.409979
0.769504 0.416101
0.776714 0.417242
0.780697 0.410221
0.787379 0.416515
0.792573 0.425231
0.782001 0.426107
0.77307 0.426978
0.764439 0.423655
0.757577 0.418415
0.750381 0.421536
0.741527 0.425353
0.732528 0.425052
0.728653 0.416369
0.721708 0.419189
0.714816 0.4256
0.723099 0.42921
0.729405 0.435
0.723469 0.441162
0.716275 0.436979
0.708409 0.434989
0.699245 0.433411
0.691042 0.433055
0.68299 0.431242
0.687512 0.423056
0.696081 0.422658
0.704468 0.425919
0.708939 0.418486
0.700696 0.414282
0.690389 0.413247
0.680327 0.415214
0.673369 0.409386
0.665626 0.407735
0.657588 0.406132
0.652091 0.413492
0.645759 0.420043
0.636432 0.417661
0.628563 0.420981
0.621993 0.424564
0.625139 0.433745
0.632591 0.429916
0.64018 0.42853
0.648263 0.431081
0.654674 0.424125
0.66094 0.41749
0.669301 0.4191
0.67663 0.42474
0.670659 0.431635
0.663563 0.429323
0.657098 0.435056
0.651406 0.441599
0.643448 0.442223
0.636599 0.440329
0.629588 0.441856
0.620825 0.443302
0.61136 0.441506
0.616963 0.432678
0.609545 0.430481
0.602644 0.434728
0.595129 0.439648
0.589857 0.449739
0.597231 0.450039
0.603822 0.445687
0.60897 0.453596
0.616102 0.450888
0.622222 0.456594
0.627968 0.451263
0.635989 0.452864
0.644522 0.452186
0.651596 0.452515
0.658268 0.449495
0.663788 0.442717
0.670554 0.444185
0.677211 0.438879
0.685389 0.442973
0.694303 0.442584
0.702566 0.443674
0.710528 0.446117
0.717567 0.448634
0.724118 0.452008
0.731014 0.446269
0.738294 0.44636
0.737169 0.435095
0.744971 0.440251
0.748797 0.431581
0.757768 0.430584
0.754574 0.439839
0.762455 0.442552
0.766827 0.434572
0.771443 0.445254
0.775856 0.436977
0.782512 0.440142
0.787213 0.43355
0.793791 0.436671
0.80112 0.433861
0.806998 0.439637
0.813851 0.435311
0.8197 0.441134
0.827946 0.445821
0.820397 0.45074
0.81215 0.447229
0.804 0.449138
0.797788 0.444748
0.789694 0.446704
0.780698 0.450237
0.773512 0.455247
0.765433 0.453263
0.757592 0.45174
0.750482 0.448853
0.74403 0.453662
0.73653 0.457219
0.729525 0.458149
0.720816 0.46143
0.713569 0.457816
0.706097 0.454604
0.697951 0.453279
0.690395 0.451623
0.685696 0.458998
0.679422 0.450706
0.672155 0.455106
0.66451 0.457257
0.657078 0.462792
0.648672 0.463418
0.641223 0.461412
0.636504 0.468466
0.629834 0.462552
0.622081 0.467139
0.614655 0.461935
0.607706 0.465423
0.601906 0.459165
0.594725 0.461299
0.587795 0.46107
0.583419 0.454472
0.576904 0.453801
0.571115 0.458456
0.57872 0.464726
0.570086 0.468099
0.563432 0.46414
0.55558 0.46403
0.549575 0.459151
0.541422 0.458151
0.533436 0.461785
0.5451 0.46783
0.538465 0.46904
0.532052 0.473535
0.526464 0.467347
0.519803 0.467411
0.512791 0.471493
End
